0.000000000000000000e+00,0.000000000000000000e+00,0.000000000000000000e+00,0.000000000000000000e+00,0.000000000000000000e+00,0.000000000000000000e+00,0.000000000000000000e+00,0.000000000000000000e+00,0.000000000000000000e+00,0.000000000000000000e+00,0.000000000000000000e+00,0.000000000000000000e+00,0.000000000000000000e+00,0.000000000000000000e+00,0.000000000000000000e+00,0.000000000000000000e+00,0.000000000000000000e+00,0.000000000000000000e+00,0.000000000000000000e+00,0.000000000000000000e+00,0.000000000000000000e+00,0.000000000000000000e+00,0.000000000000000000e+00,0.000000000000000000e+00,0.000000000000000000e+00,0.000000000000000000e+00,0.000000000000000000e+00,0.000000000000000000e+00,0.000000000000000000e+00,0.000000000000000000e+00,0.000000000000000000e+00,0.000000000000000000e+00,0.000000000000000000e+00,0.000000000000000000e+00,0.000000000000000000e+00,0.000000000000000000e+00,0.000000000000000000e+00,0.000000000000000000e+00,0.000000000000000000e+00,0.000000000000000000e+00,0.000000000000000000e+00,0.000000000000000000e+00,0.000000000000000000e+00,0.000000000000000000e+00,0.000000000000000000e+00,0.000000000000000000e+00,0.000000000000000000e+00,0.000000000000000000e+00,0.000000000000000000e+00,0.000000000000000000e+00,0.000000000000000000e+00,0.000000000000000000e+00,0.000000000000000000e+00,0.000000000000000000e+00,0.000000000000000000e+00,0.000000000000000000e+00,0.000000000000000000e+00,0.000000000000000000e+00,0.000000000000000000e+00,0.000000000000000000e+00,0.000000000000000000e+00,0.000000000000000000e+00,0.000000000000000000e+00,0.000000000000000000e+00
0.000000000000000000e+00,5.963736772537231445e-01,1.165171980857849121e+00,1.679865002632141113e+00,2.115977525711059570e+00,2.452023983001708984e+00,2.670337915420532227e+00,2.757764101028442383e+00,2.706188678741455078e+00,2.512886047363281250e+00,2.180670261383056641e+00,1.717840671539306641e+00,1.137924075126647949e+00,4.592183530330657959e-01,-2.958471775054931641e-01,-1.101514816284179688e+00,-1.929636955261230469e+00,-2.750718116760253906e+00,-3.535021543502807617e+00,-4.253704071044921875e+00,-4.879929542541503906e+00,-5.389928340911865234e+00,-5.763950824737548828e+00,-5.987082481384277344e+00,-6.049888134002685547e+00,-5.948849678039550781e+00,-5.686582088470458984e+00,-5.271814823150634766e+00,-4.719131469726562500e+00,-4.048472881317138672e+00,-3.284427404403686523e+00,-2.455318450927734375e+00,-1.592134833335876465e+00,-7.273370623588562012e-01,1.064123883843421936e-01,8.775448799133300781e-01,1.556854486465454102e+00,2.118689298629760742e+00,2.542011976242065430e+00,2.811288595199584961e+00,2.917160034179687500e+00,2.856870651245117188e+00,2.634430170059204102e+00,2.260497093200683594e+00,1.751988053321838379e+00,1.131423711776733398e+00,4.260345995426177979e-01,-3.333347141742706299e-01,-1.113483428955078125e+00,-1.880219340324401855e+00,-2.599776268005371094e+00,-3.240223169326782227e+00,-3.772804975509643555e+00,-4.173159122467041016e+00,-4.422351360321044922e+00,-4.507691383361816406e+00,-4.423284053802490234e+00,-4.170300483703613281e+00,-3.756945133209228516e+00,-3.198131561279296875e+00,-2.514866590499877930e+00,-1.733378529548645020e+00,-8.840210437774658203e-01,-2.185329969081281111e-15
0.000000000000000000e+00,1.169982552528381348e+00,2.285751581192016602e+00,3.295148372650146484e+00,4.150049209594726562e+00,4.808205127716064453e+00,5.234871864318847656e+00,5.404168128967285156e+00,5.300122261047363281e+00,4.917353630065917969e+00,4.261372566223144531e+00,3.348477840423583984e+00,2.205250024795532227e+00,8.676592111587524414e-01,-6.201906800270080566e-01,-2.207637786865234375e+00,-3.839306116104125977e+00,-5.457152843475341797e+00,-7.002645015716552734e+00,-8.418990135192871094e+00,-9.653332710266113281e+00,-1.065883255004882812e+01,-1.139655113220214844e+01,-1.183705902099609375e+01,-1.196170330047607422e+01,-1.176347923278808594e+01,-1.124745845794677734e+01,-1.043076038360595703e+01,-9.342039108276367188e+00,-8.020519256591796875e+00,-6.514592170715332031e+00,-4.880027770996093750e+00,-3.177870273590087891e+00,-1.472084522247314453e+00,1.729436963796615601e-01,1.694961547851562500e+00,3.036353349685668945e+00,4.146489620208740234e+00,4.983824253082275391e+00,5.517646789550781250e+00,5.729415416717529297e+00,5.613604545593261719e+00,5.178029537200927734e+00,4.443622112274169922e+00,3.443663597106933594e+00,2.222498416900634766e+00,8.337749242782592773e-01,-6.617157459259033203e-01,-2.198518514633178711e+00,-3.709206581115722656e+00,-5.127178192138671875e+00,-6.389438152313232422e+00,-7.439242839813232422e+00,-8.228506088256835938e+00,-8.719841957092285156e+00,-8.888178825378417969e+00,-8.721848487854003906e+00,-8.223122596740722656e+00,-7.408152580261230469e+00,-6.306325912475585938e+00,-4.959058284759521484e+00,-3.418068647384643555e+00,-1.743218541145324707e+00,-4.309301718496407960e-15
0.000000000000000000e+00,1.698828101158142090e+00,3.318649053573608398e+00,4.783445358276367188e+00,6.023074150085449219e+00,6.975944042205810547e+00,7.591386318206787109e+00,7.831643104553222656e+00,7.673386573791503906e+00,7.108719825744628906e+00,6.145619392395019531e+00,4.807790756225585938e+00,3.133939266204833984e+00,1.176475763320922852e+00,-1.000305533409118652e+00,-3.322517871856689453e+00,-5.709365367889404297e+00,-8.076123237609863281e+00,-1.033731269836425781e+01,-1.240995407104492188e+01,-1.421677112579345703e+01,-1.568923664093017578e+01,-1.677032470703125000e+01,-1.741687393188476562e+01,-1.760144615173339844e+01,-1.731360816955566406e+01,-1.656058311462402344e+01,-1.536720371246337891e+01,-1.377519512176513672e+01,-1.184176540374755859e+01,-9.637565612792968750e+00,-7.244089603424072266e+00,-4.750597000122070312e+00,-2.250677108764648438e+00,1.614081412553787231e-01,2.394463539123535156e+00,4.364028930664062500e+00,5.995826244354248047e+00,7.228837966918945312e+00,8.017884254455566406e+00,8.335586547851562500e+00,8.173621177673339844e+00,7.543208122253417969e+00,6.474793434143066406e+00,5.016937732696533203e+00,3.234439134597778320e+00,1.205763816833496094e+00,-9.801174402236938477e-01,-3.227357625961303711e+00,-5.437180042266845703e+00,-7.511978149414062500e+00,-9.359396934509277344e+00,-1.089621639251708984e+01,-1.205188083648681641e+01,-1.277150440216064453e+01,-1.301824092864990234e+01,-1.277488994598388672e+01,-1.204468536376953125e+01,-1.085121726989746094e+01,-9.237484931945800781e+00,-7.264132499694824219e+00,-5.006920337677001953e+00,-2.553553819656372070e+00,-6.312496945786675445e-15
0.000000000000000000e+00,2.162417411804199219e+00,4.223724365234375000e+00,6.086629867553710938e+00,7.661345958709716797e+00,8.869009971618652344e+00,9.644719123840332031e+00,9.940071105957031250e+00,9.725114822387695312e+00,8.989643096923828125e+00,7.743759632110595703e+00,6.017713546752929688e+00,3.860979557037353516e+00,1.340612173080444336e+00,-1.461069464683532715e+00,-4.449404716491699219e+00,-7.520815849304199219e+00,-1.056661891937255859e+01,-1.347708988189697266e+01,-1.614562797546386719e+01,-1.847287940979003906e+01,-2.037063980102539062e+01,-2.176540946960449219e+01,-2.260143661499023438e+01,-2.284312438964843750e+01,-2.247670745849609375e+01,-2.151110076904296875e+01,-1.997788047790527344e+01,-1.793037223815917969e+01,-1.544187259674072266e+01,-1.260304450988769531e+01,-9.518589019775390625e+00,-6.303297042846679688e+00,-3.077637434005737305e+00,3.694738447666168213e-02,2.922861337661743164e+00,5.471086025238037109e+00,7.585634231567382812e+00,9.187532424926757812e+00,1.021816253662109375e+01,1.064181423187255859e+01,1.044732761383056641e+01,9.648740768432617188e+00,8.284910202026367188e+00,6.418089866638183594e+00,4.131532669067382812e+00,1.526186466217041016e+00,-1.283375501632690430e+00,-4.173632621765136719e+00,-7.017209529876708984e+00,-9.688167572021484375e+00,-1.206728076934814453e+01,-1.404705619812011719e+01,-1.553630352020263672e+01,-1.646402359008789062e+01,-1.678248405456542969e+01,-1.646930313110351562e+01,-1.552847576141357422e+01,-1.399028491973876953e+01,-1.191008758544921875e+01,-9.366034507751464844e+00,-6.455808162689208984e+00,-3.292530775070190430e+00,-8.139310690821917327e-15
0.000000000000000000e+00,2.542450666427612305e+00,4.965136528015136719e+00,7.152805328369140625e+00,8.999069213867187500e+00,1.041045093536376953e+01,1.130997467041015625e+01,1.164017868041992188e+01,1.136543083190917969e+01,1.047346878051757812e+01,8.976094245910644531e+00,6.908995628356933594e+00,4.330674171447753906e+00,1.320528626441955566e+00,-2.023875951766967773e+00,-5.590245723724365234e+00,-9.255604743957519531e+00,-1.289080047607421875e+01,-1.636532402038574219e+01,-1.955225181579589844e+01,-2.233314514160156250e+01,-2.460271453857421875e+01,-2.627304649353027344e+01,-2.727726554870605469e+01,-2.757242584228515625e+01,-2.714154434204101562e+01,-2.599465179443359375e+01,-2.416881179809570312e+01,-2.172707557678222656e+01,-1.875639724731445312e+01,-1.536456584930419922e+01,-1.167626190185546875e+01,-7.828368186950683594e+00,-3.964713335037231445e+00,-2.304612696170806885e-01,3.233651399612426758e+00,6.296980857849121094e+00,8.844319343566894531e+00,1.078068065643310547e+01,1.203533458709716797e+01,1.256488895416259766e+01,1.235529613494873047e+01,1.142266654968261719e+01,9.812846183776855469e+00,7.599752426147460938e+00,4.882529258728027344e+00,1.781611680984497070e+00,-1.566131591796875000e+00,-5.012993812561035156e+00,-8.406527519226074219e+00,-1.159589195251464844e+01,-1.443818187713623047e+01,-1.680446243286132812e+01,-1.858525848388671875e+01,-1.969524002075195312e+01,-2.007692527770996094e+01,-1.970319938659667969e+01,-1.857856559753417969e+01,-1.673904800415039062e+01,-1.425074291229248047e+01,-1.120710086822509766e+01,-7.725013256072998047e+00,-3.939900159835815430e+00,-9.739693894331245133e-15
0.000000000000000000e+00,2.823430299758911133e+00,5.512537002563476562e+00,7.938037872314453125e+00,9.980562210083007812e+00,1.153517055511474609e+01,1.251538467407226562e+01,1.285655975341796875e+01,1.251850032806396484e+01,1.148719882965087891e+01,9.775644302368164062e+00,7.423645019531250000e+00,4.496670722961425781e+00,1.083725214004516602e+00,-2.705675840377807617e+00,-6.745337009429931641e+00,-1.089690113067626953e+01,-1.501489639282226562e+01,-1.895213699340820312e+01,-2.256529045104980469e+01,-2.572040367126464844e+01,-2.829815864562988281e+01,-3.019869232177734375e+01,-3.134574508666992188e+01,-3.168998718261718750e+01,-3.121135520935058594e+01,-2.992031097412109375e+01,-2.785791587829589844e+01,-2.509471893310546875e+01,-2.172844505310058594e+01,-1.788058853149414062e+01,-1.369197273254394531e+01,-9.317481994628906250e+00,-4.920125007629394531e+00,-6.646767854690551758e-01,3.288860082626342773e+00,6.791702270507812500e+00,9.712377548217773438e+00,1.194220447540283203e+01,1.339991283416748047e+01,1.403520393371582031e+01,1.383108615875244141e+01,1.280485153198242188e+01,1.100765514373779297e+01,8.522666931152343750e+00,5.461874485015869141e+00,1.961642861366271973e+00,-1.822792768478393555e+00,-5.723682403564453125e+00,-9.567699432373046875e+00,-1.318317699432373047e+01,-1.640732383728027344e+01,-1.909312629699707031e+01,-2.111561775207519531e+01,-2.237726020812988281e+01,-2.281217193603515625e+01,-2.238904380798339844e+01,-2.111257934570312500e+01,-1.902340888977050781e+01,-1.619645881652832031e+01,-1.273785018920898438e+01,-8.780453681945800781e+00,-4.478288650512695312e+00,-1.107070367995476035e-14
0.000000000000000000e+00,2.993175029754638672e+00,5.842074871063232422e+00,8.407814979553222656e+00,1.056210613250732422e+01,1.219210052490234375e+01,1.320470237731933594e+01,1.353020381927490234e+01,1.312510013580322266e+01,1.197398757934570312e+01,1.009046268463134766e+01,7.516982078552246094e+00,4.323654651641845703e+00,6.060143709182739258e-01,-3.518184423446655273e+00,-7.913044929504394531e+00,-1.242935085296630859e+01,-1.690997695922851562e+01,-2.119569396972656250e+01,-2.513116645812988281e+01,-2.857093429565429688e+01,-3.138511657714843750e+01,-3.346466064453125000e+01,-3.472589111328125000e+01,-3.511417388916015625e+01,-3.460653305053710938e+01,-3.321308517456054688e+01,-3.097722244262695312e+01,-2.797447776794433594e+01,-2.431010627746582031e+01,-2.011544227600097656e+01,-1.554314136505126953e+01,-1.076148509979248047e+01,-5.947950839996337891e+00,-1.282295942306518555e+00,3.060576677322387695e+00,6.917671680450439453e+00,1.014458942413330078e+01,1.262155723571777344e+01,1.425854396820068359e+01,1.499922275543212891e+01,1.482359313964843750e+01,1.374913501739501953e+01,1.183041763305664062e+01,9.157147407531738281e+00,5.850728988647460938e+00,2.059450626373291016e+00,-2.047511577606201172e+00,-6.287031173706054688e+00,-1.046962738037109375e+01,-1.440739631652832031e+01,-1.792193794250488281e+01,-2.085194778442382812e+01,-2.306012344360351562e+01,-2.443909645080566406e+01,-2.491612052917480469e+01,-2.445629310607910156e+01,-2.306417846679687500e+01,-2.078373336791992188e+01,-1.769655609130859375e+01,-1.391848182678222656e+01,-9.594724655151367188e+00,-4.893726348876953125e+00,-1.209781329069648317e-14
0.000000000000000000e+00,3.043216466903686523e+00,5.937178134918212891e+00,8.538171768188476562e+00,1.071338176727294922e+01,1.234587669372558594e+01,1.333906650543212891e+01,1.362045955657958984e+01,1.314459896087646484e+01,1.189506149291992188e+01,9.885432243347167969e+00,7.159214973449707031e+00,3.788654565811157227e+00,-1.275068372488021851e-01,-4.467281818389892578e+00,-9.089605331420898438e+00,-1.383928489685058594e+01,-1.855257987976074219e+01,-2.306321334838867188e+01,-2.720861434936523438e+01,-3.083613967895507812e+01,-3.380908584594726562e+01,-3.601220321655273438e+01,-3.735651779174804688e+01,-3.778327178955078125e+01,-3.726674652099609375e+01,-3.581589126586914062e+01,-3.347462463378906250e+01,-3.032075881958007812e+01,-2.646357154846191406e+01,-2.204007720947265625e+01,-1.721009826660156250e+01,-1.215034580230712891e+01,-7.047676086425781250e+00,-2.091825485229492188e+00,2.532119512557983398e+00,6.651198387145996094e+00,1.011168861389160156e+01,1.278555011749267578e+01,1.457591438293457031e+01,1.542137527465820312e+01,1.529886245727539062e+01,1.422497272491455078e+01,1.225564670562744141e+01,9.484196662902832031e+00,6.037742614746093750e+00,2.072168588638305664e+00,-2.234188079833984375e+00,-6.687868118286132812e+00,-1.108833980560302734e+01,-1.523642539978027344e+01,-1.894273757934570312e+01,-2.203577804565429688e+01,-2.436931419372558594e+01,-2.582873153686523438e+01,-2.633606529235839844e+01,-2.585347557067871094e+01,-2.438501930236816406e+01,-2.197660636901855469e+01,-1.871416664123535156e+01,-1.472005844116210938e+01,-1.014790439605712891e+01,-5.176062107086181641e+00,-1.279593445769168850e-14
0.000000000000000000e+00,2.969068050384521484e+00,5.789077281951904297e+00,8.316456794738769531e+00,1.041843128204345703e+01,1.197797584533691406e+01,1.289824962615966797e+01,1.310635566711425781e+01,1.255629825592041016e+01,1.123102378845214844e+01,9.143458366394042969e+00,6.336496829986572266e+00,2.881907224655151367e+00,-1.121818304061889648e+00,-5.552630901336669922e+00,-1.026901626586914062e+01,-1.511489391326904297e+01,-1.992515563964843750e+01,-2.453169059753417969e+01,-2.876963996887207031e+01,-3.248371124267578125e+01,-3.553425979614257812e+01,-3.780295562744140625e+01,-3.919775772094726562e+01,-3.965700149536132812e+01,-3.915242004394531250e+01,-3.769093322753906250e+01,-3.531511306762695312e+01,-3.210223770141601562e+01,-2.816195487976074219e+01,-2.363262176513671875e+01,-1.867637443542480469e+01,-1.347316360473632812e+01,-8.213925361633300781e+00,-3.093156099319458008e+00,1.698794841766357422e+00,5.983432769775390625e+00,9.601477622985839844e+00,1.241956615447998047e+01,1.433600902557373047e+01,1.528531551361083984e+01,1.524129104614257812e+01,1.421853065490722656e+01,1.227222251892089844e+01,9.496238708496093750e+00,6.019553184509277344e+00,2.001135826110839844e+00,-2.376498460769653320e+00,-6.914816379547119141e+00,-1.140756034851074219e+01,-1.564945411682128906e+01,-1.944494819641113281e+01,-2.261662292480468750e+01,-2.501287078857421875e+01,-2.651452827453613281e+01,-2.704013824462890625e+01,-2.654960632324218750e+01,-2.504609680175781250e+01,-2.257604026794433594e+01,-1.922726249694824219e+01,-1.512530994415283203e+01,-1.042811679840087891e+01,-5.319245815277099609e+00,-1.315011874348723242e-14
0.000000000000000000e+00,2.770357847213745117e+00,5.397065639495849609e+00,7.741702079772949219e+00,9.676136970520019531e+00,1.108726787567138672e+01,1.188127231597900391e+01,1.198724365234375000e+01,1.136007213592529297e+01,9.982467651367187500e+00,7.866047859191894531e+00,5.051423072814941406e+00,1.607257366180419922e+00,-2.371693372726440430e+00,-6.767522811889648438e+00,-1.144302749633789062e+01,-1.624636268615722656e+01,-2.101635360717773438e+01,-2.558829879760742188e+01,-2.980006408691406250e+01,-3.349825668334960938e+01,-3.654423141479492188e+01,-3.881973266601562500e+01,-4.023187637329101562e+01,-4.071735000610351562e+01,-4.024552917480468750e+01,-3.882045364379882812e+01,-3.648145675659179688e+01,-3.330244064331054688e+01,-2.938975715637207031e+01,-2.487872314453125000e+01,-1.992889213562011719e+01,-1.471822738647460938e+01,-9.436384201049804688e+00,-4.277357101440429688e+00,5.682170391082763672e-01,4.920786380767822266e+00,8.619318008422851562e+00,1.152811241149902344e+01,1.354269409179687500e+01,1.459450531005859375e+01,1.465417289733886719e+01,1.373317623138427734e+01,1.188381481170654297e+01,9.197440147399902344e+00,5.800992012023925781e+00,1.851975440979003906e+00,-2.467949390411376953e+00,-6.960485935211181641e+00,-1.141902732849121094e+01,-1.563742923736572266e+01,-1.941885185241699219e+01,-2.258427619934082031e+01,-2.498031616210937500e+01,-2.648598098754882812e+01,-2.701806449890136719e+01,-2.653491783142089844e+01,-2.503842926025390625e+01,-2.257409095764160156e+01,-1.922917556762695312e+01,-1.512905025482177734e+01,-1.043181228637695312e+01,-5.321475028991699219e+00,-1.315591414291234634e-14
0.000000000000000000e+00,2.450817346572875977e+00,4.768479824066162109e+00,6.824601650238037109e+00,8.500186920166015625e+00,9.689972877502441406e+00,1.030635261535644531e+01,1.028274345397949219e+01,9.576311111450195312e+00,8.169916152954101562e+00,6.073232650756835938e+00,3.322956085205078125e+00,-1.792164146900177002e-02,-3.861780643463134766e+00,-8.098962783813476562e+00,-1.260122203826904297e+01,-1.722595787048339844e+01,-2.182109642028808594e+01,-2.623048210144042969e+01,-3.029959678649902344e+01,-3.388140487670898438e+01,-3.684210968017578125e+01,-3.906660079956054688e+01,-4.046337127685546875e+01,-4.096866607666015625e+01,-4.054972076416015625e+01,-3.920684432983398438e+01,-3.697430038452148438e+01,-3.391986083984375000e+01,-3.014297676086425781e+01,-2.577165985107421875e+01,-2.095809364318847656e+01,-1.587313652038574219e+01,-1.069992733001708984e+01,-5.626801013946533203e+00,-8.398155570030212402e-01,3.484807491302490234e+00,7.188014507293701172e+00,1.013469505310058594e+01,1.221959400177001953e+01,1.337208938598632812e+01,1.355958938598632812e+01,1.278937435150146484e+01,1.110877132415771484e+01,8.603609085083007812e+00,5.394992351531982422e+00,1.634507894515991211e+00,-2.501958847045898438e+00,-6.821544647216796875e+00,-1.112255954742431641e+01,-1.520311164855957031e+01,-1.886984443664550781e+01,-2.194636917114257812e+01,-2.428104972839355469e+01,-2.575373840332031250e+01,-2.628119468688964844e+01,-2.582089805603027344e+01,-2.437307929992675781e+01,-2.198088455200195312e+01,-1.872862434387207031e+01,-1.473818588256835938e+01,-1.016377353668212891e+01,-5.185196399688720703e+00,-1.281937609450695126e-14
0.000000000000000000e+00,2.018134117126464844e+00,3.918408155441284180e+00,5.587079524993896484e+00,6.918527126312255859e+00,7.819027423858642578e+00,8.210196495056152344e+00,8.031986236572265625e+00,7.245148181915283203e+00,5.833061695098876953e+00,3.802857637405395508e+00,1.185777068138122559e+00,-1.963281989097595215e+00,-5.567048072814941406e+00,-9.527986526489257812e+00,-1.373119926452636719e+01,-1.804806137084960938e+01,-2.234048843383789062e+01,-2.646572685241699219e+01,-3.028149986267089844e+01,-3.365134811401367188e+01,-3.644996261596679688e+01,-3.856831741333007812e+01,-3.991835021972656250e+01,-4.043704986572265625e+01,-4.008969116210937500e+01,-3.887208938598632812e+01,-3.681171417236328125e+01,-3.396758270263671875e+01,-3.042887115478515625e+01,-2.631224060058593750e+01,-2.175797080993652344e+01,-1.692498207092285156e+01,-1.198493194580078125e+01,-7.115612983703613281e+00,-2.493888378143310547e+00,1.711514234542846680e+00,5.347064971923828125e+00,8.281024932861328125e+00,1.040927410125732422e+01,1.166008853912353516e+01,1.199763107299804688e+01,1.142397117614746094e+01,9.979497909545898438e+00,7.741680622100830078e+00,4.822194576263427734e+00,1.362497687339782715e+00,-2.471962928771972656e+00,-6.498682022094726562e+00,-1.052587413787841797e+01,-1.436076164245605469e+01,-1.781799316406250000e+01,-2.072783851623535156e+01,-2.294374656677246094e+01,-2.434895706176757812e+01,-2.486182212829589844e+01,-2.443959808349609375e+01,-2.308051490783691406e+01,-2.082402801513671875e+01,-1.774920082092285156e+01,-1.397132205963134766e+01,-9.636849403381347656e+00,-4.916969299316406250e+00,-1.215672527921096702e-14
0.000000000000000000e+00,1.483668327331542969e+00,2.869134664535522461e+00,4.061492919921875000e+00,4.972347736358642578e+00,5.522879123687744141e+00,5.646667003631591797e+00,5.292205810546875000e+00,4.425028324127197266e+00,3.029364109039306641e+00,1.109259843826293945e+00,-1.310897350311279297e+00,-4.186506748199462891e+00,-7.453568458557128906e+00,-1.103019905090332031e+01,-1.481884670257568359e+01,-1.870917320251464844e+01,-2.258154296875000000e+01,-2.631102561950683594e+01,-2.977180862426757812e+01,-3.284186553955078125e+01,-3.540770721435546875e+01,-3.736905670166015625e+01,-3.864322662353515625e+01,-3.916901397705078125e+01,-3.890994262695312500e+01,-3.785662460327148438e+01,-3.602817916870117188e+01,-3.347249603271484375e+01,-3.026537895202636719e+01,-2.650847053527832031e+01,-2.232601356506347656e+01,-1.786056900024414062e+01,-1.326778221130371094e+01,-8.710430145263671875e+00,-4.351957798004150391e+00,-3.497854769229888916e-01,3.151333570480346680e+00,6.025592803955078125e+00,8.171770095825195312e+00,9.517934799194335938e+00,1.002499961853027344e+01,9.688908576965332031e+00,8.541331291198730469e+00,6.648799896240234375e+00,4.110276699066162109e+00,1.053245067596435547e+00,-2.371545791625976562e+00,-5.996452331542968750e+00,-9.644164085388183594e+00,-1.313545799255371094e+01,-1.629714584350585938e+01,-1.896982765197753906e+01,-2.101511573791503906e+01,-2.232196235656738281e+01,-2.281180953979492188e+01,-2.244229507446289062e+01,-2.120933151245117188e+01,-1.914745330810546875e+01,-1.632839965820312500e+01,-1.285799026489257812e+01,-8.871417045593261719e+00,-4.527191638946533203e+00,-1.119366914697356163e-14
0.000000000000000000e+00,8.620482683181762695e-01,1.649348378181457520e+00,2.289475202560424805e+00,2.714613437652587891e+00,2.863771677017211914e+00,2.684878826141357422e+00,2.136719465255737305e+00,1.190649867057800293e+00,-1.679583787918090820e-01,-1.938613772392272949e+00,-4.104999542236328125e+00,-6.634730339050292969e+00,-9.479621887207031250e+00,-1.257651710510253906e+01,-1.584869575500488281e+01,-1.920786857604980469e+01,-2.255673217773437500e+01,-2.579205322265625000e+01,-2.880817413330078125e+01,-3.150087165832519531e+01,-3.377139663696289062e+01,-3.553057479858398438e+01,-3.670277404785156250e+01,-3.722957229614257812e+01,-3.707290649414062500e+01,-3.621760940551757812e+01,-3.467308044433593750e+01,-3.247403717041015625e+01,-2.968022537231445312e+01,-2.637504386901855469e+01,-2.266309165954589844e+01,-1.866670227050781250e+01,-1.452153587341308594e+01,-1.037143802642822266e+01,-6.362723827362060547e+00,-2.638145923614501953e+00,6.691827178001403809e-01,3.441650390625000000e+00,5.582497119903564453e+00,7.020396709442138672e+00,7.713022708892822266e+00,7.649413108825683594e+00,6.850974559783935547e+00,5.371047973632812500e+00,3.293022155761718750e+00,7.270368933677673340e-01,-2.194588899612426758e+00,-5.323024749755859375e+00,-8.499443054199218750e+00,-1.156208801269531250e+01,-1.435357761383056641e+01,-1.672808837890625000e+01,-1.855809211730957031e+01,-1.974031257629394531e+01,-2.020060539245605469e+01,-1.989752197265625000e+01,-1.882438659667968750e+01,-1.700974273681640625e+01,-1.451617527008056641e+01,-1.143751907348632812e+01,-7.894601821899414062e+00,-4.029703617095947266e+00,-9.964426981830861590e-15
0.000000000000000000e+00,1.706587374210357666e-01,2.931374311447143555e-01,3.204843997955322266e-01,2.082155942916870117e-01,-8.442877978086471558e-02,-5.932114124298095703e-01,-1.347621798515319824e+00,-2.369622707366943359e+00,-3.672457695007324219e+00,-5.259575366973876953e+00,-7.123726844787597656e+00,-9.246316909790039062e+00,-1.159706974029541016e+01,-1.413408374786376953e+01,-1.680434226989746094e+01,-1.954470062255859375e+01,-2.228340530395507812e+01,-2.494210815429687500e+01,-2.743836593627929688e+01,-2.968854713439941406e+01,-3.161107254028320312e+01,-3.312982940673828125e+01,-3.417765426635742188e+01,-3.469970703125000000e+01,-3.465652465820312500e+01,-3.402668762207031250e+01,-3.280877304077148438e+01,-3.102264022827148438e+01,-2.870975685119628906e+01,-2.593263626098632812e+01,-2.277324867248535156e+01,-1.933049011230468750e+01,-1.571674442291259766e+01,-1.205366134643554688e+01,-8.467331886291503906e+00,-5.083043575286865234e+00,-2.019864559173583984e+00,6.146897673606872559e-01,2.729649782180786133e+00,4.254987716674804688e+00,5.145178318023681641e+00,5.381729125976562500e+00,4.974519729614257812e+00,3.961850166320800781e+00,2.409165382385253906e+00,4.064741432666778564e-01,-1.935435652732849121e+00,-4.489831924438476562e+00,-7.119710445404052734e+00,-9.684039115905761719e+00,-1.204428672790527344e+01,-1.407091522216796875e+01,-1.564952087402343750e+01,-1.668631744384765625e+01,-1.711268806457519531e+01,-1.688855552673339844e+01,-1.600443267822265625e+01,-1.448198604583740234e+01,-1.237312126159667969e+01,-9.757596969604492188e+00,-6.739291191101074219e+00,-3.441281795501708984e+00,-8.510475446111068210e-15
0.000000000000000000e+00,-5.709592103958129883e-01,-1.161185503005981445e+00,-1.789903998374938965e+00,-2.476195335388183594e+00,-3.238776683807373047e+00,-4.095624923706054688e+00,-5.063418865203857422e+00,-6.156790733337402344e+00,-7.387414932250976562e+00,-8.762965202331542969e+00,-1.028601264953613281e+01,-1.195293807983398438e+01,-1.375295448303222656e+01,-1.566733074188232422e+01,-1.766892433166503906e+01,-1.972209548950195312e+01,-2.178307533264160156e+01,-2.380083656311035156e+01,-2.571847915649414062e+01,-2.747511482238769531e+01,-2.900818634033203125e+01,-3.025615882873535156e+01,-3.116144371032714844e+01,-3.167341804504394531e+01,-3.175139617919921875e+01,-3.136735153198242188e+01,-3.050824737548828125e+01,-2.917779731750488281e+01,-2.739753341674804688e+01,-2.520706176757812500e+01,-2.266344451904296875e+01,-1.983969306945800781e+01,-1.682237434387207031e+01,-1.370843696594238281e+01,-1.060135459899902344e+01,-7.606772422790527344e+00,-4.827843666076660156e+00,-2.360493183135986328e+00,-2.888455688953399658e-01,1.318940877914428711e+00,2.414205312728881836e+00,2.970476865768432617e+00,2.985164403915405273e+00,2.480126380920410156e+00,1.501058459281921387e+00,1.157022416591644287e-01,-1.589067101478576660e+00,-3.511147499084472656e+00,-5.537935733795166016e+00,-7.551645755767822266e+00,-9.434959411621093750e+00,-1.107672786712646484e+01,-1.237743282318115234e+01,-1.325412273406982422e+01,-1.364457988739013672e+01,-1.351046752929687500e+01,-1.283932209014892578e+01,-1.164525508880615234e+01,-9.968320846557617188e+00,-7.872581481933593750e+00,-5.442963600158691406e+00,-2.781044721603393555e+00,-6.879075166622708806e-15
0.000000000000000000e+00,-1.341773509979248047e+00,-2.672388553619384766e+00,-3.981889963150024414e+00,-5.262616157531738281e+00,-6.510070800781250000e+00,-7.723489761352539062e+00,-8.906034469604492188e+00,-1.006458473205566406e+01,-1.120911979675292969e+01,-1.235172080993652344e+01,-1.350526046752929688e+01,-1.468186569213867188e+01,-1.589126205444335938e+01,-1.713913726806640625e+01,-1.842564582824707031e+01,-1.974419403076171875e+01,-2.108060646057128906e+01,-2.241279029846191406e+01,-2.371093940734863281e+01,-2.493833541870117188e+01,-2.605270767211914062e+01,-2.700812339782714844e+01,-2.775733184814453125e+01,-2.825440216064453125e+01,-2.845755577087402344e+01,-2.833198928833007812e+01,-2.785253715515136719e+01,-2.700596046447753906e+01,-2.579275894165039062e+01,-2.422830772399902344e+01,-2.234325218200683594e+01,-2.018307495117187500e+01,-1.780682373046875000e+01,-1.528504371643066406e+01,-1.269696235656738281e+01,-1.012708473205566406e+01,-7.661351203918457031e+00,-5.383045196533203125e+00,-3.368687868118286133e+00,-1.684134840965270996e+00,-3.810920417308807373e-01,5.057331919670104980e-01,9.606814980506896973e-01,9.882537126541137695e-01,6.132019162178039551e-01,-1.204289495944976807e-01,-1.151280522346496582e+00,-2.403595685958862305e+00,-3.790927648544311523e+00,-5.220458984375000000e+00,-6.597704410552978516e+00,-7.831354141235351562e+00,-8.837992668151855469e+00,-9.546442985534667969e+00,-9.901496887207031250e+00,-9.866823196411132812e+00,-9.426890373229980469e+00,-8.587795257568359375e+00,-7.376947879791259766e+00,-5.841611385345458984e+00,-4.046391487121582031e+00,-2.069787740707397461e+00,-5.121638502165277648e-15
0.000000000000000000e+00,-2.119969129562377930e+00,-4.197708129882812500e+00,-6.193459510803222656e+00,-8.072245597839355469e+00,-9.805854797363281250e+00,-1.137436389923095703e+01,-1.276711082458496094e+01,-1.398303318023681641e+01,-1.503035354614257812e+01,-1.592563247680664062e+01,-1.669224739074707031e+01,-1.735840415954589844e+01,-1.795478820800781250e+01,-1.851205825805664062e+01,-1.905830574035644531e+01,-1.961668205261230469e+01,-2.020334815979003906e+01,-2.082589340209960938e+01,-2.148234748840332031e+01,-2.216085243225097656e+01,-2.284004592895507812e+01,-2.349013137817382812e+01,-2.407460212707519531e+01,-2.455249404907226562e+01,-2.488106536865234375e+01,-2.501871109008789062e+01,-2.492794227600097656e+01,-2.457823371887207031e+01,-2.394857025146484375e+01,-2.302948951721191406e+01,-2.182450103759765625e+01,-2.035076522827148438e+01,-1.863897514343261719e+01,-1.673241233825683594e+01,-1.468522262573242188e+01,-1.255998516082763672e+01,-1.042472267150878906e+01,-8.349491119384765625e+00,-6.402761459350585938e+00,-4.647794723510742188e+00,-3.139225006103515625e+00,-1.920056581497192383e+00,-1.019255757331848145e+00,-4.500868320465087891e-01,-2.093023061752319336e-01,-2.772451341152191162e-01,-6.188679337501525879e-01,-1.185621261596679688e+00,-1.918111443519592285e+00,-2.749379873275756836e+00,-3.608622074127197266e+00,-4.425132751464843750e+00,-5.132252216339111328e+00,-5.671086788177490234e+00,-5.993783473968505859e+00,-6.066175937652587891e+00,-5.869636058807373047e+00,-5.402029514312744141e+00,-4.677717685699462891e+00,-3.726600646972656250e+00,-2.592254400253295898e+00,-1.329279184341430664e+00,-3.291976397086656368e-15
0.000000000000000000e+00,-2.883671283721923828e+00,-5.694266796112060547e+00,-8.362442970275878906e+00,-1.082610321044921875e+01,-1.303348255157470703e+01,-1.494563579559326172e+01,-1.653816604614257812e+01,-1.780211448669433594e+01,-1.874394798278808594e+01,-1.938467025756835938e+01,-1.975808906555175781e+01,-1.990836906433105469e+01,-1.988703536987304688e+01,-1.974956512451171875e+01,-1.955183792114257812e+01,-1.934659957885742188e+01,-1.918021202087402344e+01,-1.908984184265136719e+01,-1.910126304626464844e+01,-1.922743415832519531e+01,-1.946788024902343750e+01,-1.980896568298339844e+01,-2.022498130798339844e+01,-2.068001747131347656e+01,-2.113047981262207031e+01,-2.152808380126953125e+01,-2.182315635681152344e+01,-2.196802711486816406e+01,-2.192029190063476562e+01,-2.164575958251953125e+01,-2.112089729309082031e+01,-2.033460998535156250e+01,-1.928926086425781250e+01,-1.800086212158203125e+01,-1.649843597412109375e+01,-1.482256889343261719e+01,-1.302326774597167969e+01,-1.115723896026611328e+01,-9.284766197204589844e+00,-7.466370105743408203e+00,-5.759470462799072266e+00,-4.215229988098144531e+00,-2.875799179077148438e+00,-1.772103786468505859e+00,-9.223227500915527344e-01,-3.311360776424407959e-01,1.021520700305700302e-02,1.230672299861907959e-01,3.973047062754631042e-02,-1.987478733062744141e-01,-5.453117489814758301e-01,-9.499394893646240234e-01,-1.362809777259826660e+00,-1.737390518188476562e+00,-2.033256292343139648e+00,-2.218461513519287109e+00,-2.271319627761840820e+00,-2.181484699249267578e+00,-1.950267553329467773e+00,-1.590177297592163086e+00,-1.123718976974487305e+00,-5.815331339836120605e-01,-1.444508600665565627e-15
0.000000000000000000e+00,-3.611660480499267578e+00,-7.120475292205810547e+00,-1.042854785919189453e+01,-1.344760417938232422e+01,-1.610315322875976562e+01,-1.833788299560546875e+01,-2.011414337158203125e+01,-2.141535568237304688e+01,-2.224629974365234375e+01,-2.263226890563964844e+01,-2.261714744567871094e+01,-2.226053428649902344e+01,-2.163408470153808594e+01,-2.081727027893066406e+01,-1.989282989501953125e+01,-1.894213867187500000e+01,-1.804077148437500000e+01,-1.725451278686523438e+01,-1.663600349426269531e+01,-1.622223854064941406e+01,-1.603299903869628906e+01,-1.607033157348632812e+01,-1.631903648376464844e+01,-1.674815559387207031e+01,-1.731333351135253906e+01,-1.795988845825195312e+01,-1.862641716003417969e+01,-1.924869537353515625e+01,-1.976366043090820312e+01,-2.011321449279785156e+01,-2.024764823913574219e+01,-2.012850570678710938e+01,-1.973069572448730469e+01,-1.904378890991210938e+01,-1.807242584228515625e+01,-1.683582115173339844e+01,-1.536645793914794922e+01,-1.370802497863769531e+01,-1.191278553009033203e+01,-1.003852272033691406e+01,-8.145264625549316406e+00,-6.292006492614746094e+00,-4.533604621887207031e+00,-2.918047189712524414e+00,-1.484238266944885254e+00,-2.604205012321472168e-01,7.366947531700134277e-01,1.502060890197753906e+00,2.041717529296875000e+00,2.371566057205200195e+00,2.515604734420776367e+00,2.503763437271118164e+00,2.369498968124389648e+00,2.147321224212646484e+00,1.870423197746276855e+00,1.568573951721191406e+00,1.266412854194641113e+00,9.822492003440856934e-01,7.274379134178161621e-01,5.063566565513610840e-01,3.169676363468170166e-01,1.519062221050262451e-01,3.675089610888013225e-16
0.000000000000000000e+00,-4.284052848815917969e+00,-8.437366485595703125e+00,-1.233528900146484375e+01,-1.586502361297607422e+01,-1.893078422546386719e+01,-2.145805931091308594e+01,-2.339678764343261719e+01,-2.472326469421386719e+01,-2.544070243835449219e+01,-2.557843589782714844e+01,-2.518982124328613281e+01,-2.434894561767578125e+01,-2.314635848999023438e+01,-2.168406295776367188e+01,-2.007000923156738281e+01,-1.841244316101074219e+01,-1.681436920166015625e+01,-1.536843872070312500e+01,-1.415252590179443359e+01,-1.322620105743408203e+01,-1.262828063964843750e+01,-1.237555122375488281e+01,-1.246270656585693359e+01,-1.286346626281738281e+01,-1.353279018402099609e+01,-1.441001701354980469e+01,-1.542276000976562500e+01,-1.649128532409667969e+01,-1.753315162658691406e+01,-1.846783065795898438e+01,-1.922105789184570312e+01,-1.972868537902832031e+01,-1.993984603881835938e+01,-1.981927871704101562e+01,-1.934870529174804688e+01,-1.852725982666015625e+01,-1.737093925476074219e+01,-1.591118049621582031e+01,-1.419268035888671875e+01,-1.227061271667480469e+01,-1.020742321014404297e+01,-8.069422721862792969e+00,-5.923370361328125000e+00,-3.833245992660522461e+00,-1.857391595840454102e+00,-4.615651443600654602e-02,1.559844017028808594e+00,2.930798530578613281e+00,4.048082351684570312e+00,4.903985977172851562e+00,5.500854969024658203e+00,5.849751472473144531e+00,5.968764305114746094e+00,5.881114959716796875e+00,5.613208293914794922e+00,5.192778587341308594e+00,4.647249221801757812e+00,4.002425670623779297e+00,3.281579017639160156e+00,2.504972457885742188e+00,1.689820051193237305e+00,8.506500720977783203e-01,2.093677616056576797e-15
0.000000000000000000e+00,-4.882923603057861328e+00,-9.609815597534179688e+00,-1.403176403045654297e+01,-1.801374053955078125e+01,-2.144065666198730469e+01,-2.422242164611816406e+01,-2.629773712158203125e+01,-2.763645362854003906e+01,-2.824040031433105469e+01,-2.814261054992675781e+01,-2.740506362915039062e+01,-2.611502647399902344e+01,-2.438023757934570312e+01,-2.232316207885742188e+01,-2.007466506958007812e+01,-1.776740264892578125e+01,-1.552929210662841797e+01,-1.347738647460937500e+01,-1.171246814727783203e+01,-1.031460666656494141e+01,-9.339899063110351562e+00,-8.818512916564941406e+00,-8.754119873046875000e+00,-9.124683380126953125e+00,-9.884536743164062500e+00,-1.096759414672851562e+01,-1.229149627685546875e+01,-1.376243400573730469e+01,-1.528038501739501953e+01,-1.674447250366210938e+01,-1.805815124511718750e+01,-1.913397598266601562e+01,-1.989769935607910156e+01,-2.029153633117675781e+01,-2.027644157409667969e+01,-1.983333778381347656e+01,-1.896328163146972656e+01,-1.768660926818847656e+01,-1.604116821289062500e+01,-1.407977390289306641e+01,-1.186707115173339844e+01,-9.476012229919433594e+00,-6.984148025512695312e+00,-4.469958782196044922e+00,-2.009404897689819336e+00,3.271309435367584229e-01,2.477375507354736328e+00,4.389083862304687500e+00,6.021294593811035156e+00,7.344918251037597656e+00,8.342701911926269531e+00,9.008635520935058594e+00,9.346911430358886719e+00,9.370553970336914062e+00,9.099851608276367188e+00,8.560728073120117188e+00,7.783169269561767578e+00,6.799809455871582031e+00,5.644755840301513672e+00,4.352702617645263672e+00,2.958347558975219727e+00,1.496093750000000000e+00,3.688010674981903950e-15
0.000000000000000000e+00,-5.392848968505859375e+00,-1.060760307312011719e+01,-1.547419357299804688e+01,-1.983820343017578125e+01,-2.356772041320800781e+01,-2.655908203125000000e+01,-2.874121093750000000e+01,-3.007838439941406250e+01,-3.057125663757324219e+01,-3.025613975524902344e+01,-2.920259094238281250e+01,-2.750942993164062500e+01,-2.529944038391113281e+01,-2.271300125122070312e+01,-1.990101051330566406e+01,-1.701746177673339844e+01,-1.421203327178955078e+01,-1.162309074401855469e+01,-9.371412277221679688e+00,-7.554952621459960938e+00,-6.244867801666259766e+00,-5.482984066009521484e+00,-5.280776500701904297e+00,-5.619879722595214844e+00,-6.454051494598388672e+00,-7.712442398071289062e+00,-9.303968429565429688e+00,-1.112252426147460938e+01,-1.305274295806884766e+01,-1.497599792480468750e+01,-1.677632713317871094e+01,-1.834598731994628906e+01,-1.959038543701171875e+01,-2.043214035034179688e+01,-2.081415176391601562e+01,-2.070152473449707031e+01,-2.008235549926757812e+01,-1.896737098693847656e+01,-1.738850593566894531e+01,-1.539657688140869141e+01,-1.305819034576416016e+01,-1.045211982727050781e+01,-7.665341377258300781e+00,-4.788973331451416016e+00,-1.914312601089477539e+00,8.708319067955017090e-01,3.485364675521850586e+00,5.857556819915771484e+00,7.927060604095458984e+00,9.646245002746582031e+00,1.098087215423583984e+01,1.191015243530273438e+01,1.242626285552978516e+01,1.253343200683593750e+01,1.224669742584228516e+01,1.159047698974609375e+01,1.059704303741455078e+01,9.305019378662109375e+00,7.757981300354003906e+00,6.003211021423339844e+00,4.090636253356933594e+00,2.071968555450439453e+00,5.110297154518016194e-15
0.000000000000000000e+00,-5.801356315612792969e+00,-1.140629959106445312e+01,-1.662719535827636719e+01,-2.129354286193847656e+01,-2.525947952270507812e+01,-2.841009330749511719e+01,-3.066623878479003906e+01,-3.198760414123535156e+01,-3.237392807006835938e+01,-3.186431694030761719e+01,-3.053468513488769531e+01,-2.849352073669433594e+01,-2.587617301940917969e+01,-2.283795356750488281e+01,-1.954645538330078125e+01,-1.617342758178710938e+01,-1.288665103912353516e+01,-9.842194557189941406e+00,-7.177435874938964844e+00,-5.005153656005859375e+00,-3.408975601196289062e+00,-2.440355300903320312e+00,-2.117191076278686523e+00,-2.424104690551757812e+00,-3.314314126968383789e+00,-4.712960720062255859e+00,-6.521675109863281250e+00,-8.624114990234375000e+00,-1.089216709136962891e+01,-1.319248485565185547e+01,-1.539302253723144531e+01,-1.736925125122070312e+01,-1.900976753234863281e+01,-2.022103118896484375e+01,-2.093107032775878906e+01,-2.109199333190917969e+01,-2.068127250671386719e+01,-1.970178031921386719e+01,-1.818066978454589844e+01,-1.616720199584960938e+01,-1.372969341278076172e+01,-1.095179843902587891e+01,-7.928337097167968750e+00,-4.760902881622314453e+00,-1.553474068641662598e+00,1.591763377189636230e+00,4.578207015991210938e+00,7.318099975585937500e+00,9.735168457031250000e+00,1.176657295227050781e+01,1.336416244506835938e+01,1.449506568908691406e+01,1.514166259765625000e+01,1.530103683471679688e+01,1.498400592803955078e+01,1.421383953094482422e+01,1.302478122711181641e+01,1.146046733856201172e+01,9.572336196899414062e+00,7.418090343475341797e+00,5.060245037078857422e+00,2.564798593521118164e+00,6.327231930937111254e-15
0.000000000000000000e+00,-6.099258422851562500e+00,-1.198791694641113281e+01,-1.746474647521972656e+01,-2.234679412841796875e+01,-2.647741889953613281e+01,-2.973304176330566406e+01,-3.202831268310546875e+01,-3.331943130493164062e+01,-3.360551071166992188e+01,-3.292790222167968750e+01,-3.136754226684570312e+01,-2.904050254821777344e+01,-2.609195137023925781e+01,-2.268885231018066406e+01,-1.901179122924804688e+01,-1.524631977081298828e+01,-1.157426548004150391e+01,-8.165412902832031250e+00,-5.169971942901611328e+00,-2.712160110473632812e+00,-8.851969242095947266e-01,2.520881593227386475e-01,6.769140958786010742e-01,4.024419486522674561e-01,-5.240375995635986328e-01,-2.024480104446411133e+00,-3.994812250137329102e+00,-6.310727119445800781e+00,-8.834234237670898438e+00,-1.142061614990234375e+01,-1.392543697357177734e+01,-1.621127128601074219e+01,-1.815383148193359375e+01,-1.964722824096679688e+01,-2.060815811157226562e+01,-2.097886848449707031e+01,-2.072880554199218750e+01,-1.985496520996093750e+01,-1.838097763061523438e+01,-1.635505485534667969e+01,-1.384695816040039062e+01,-1.094419956207275391e+01,-7.747699737548828125e+00,-4.367137908935546875e+00,-9.162322282791137695e-01,2.491828918457031250e+00,5.748614311218261719e+00,8.754174232482910156e+00,1.142015361785888672e+01,1.367220306396484375e+01,1.545168018341064453e+01,1.671663093566894531e+01,1.744210624694824219e+01,1.761988830566406250e+01,1.725771713256835938e+01,1.637812614440917969e+01,1.501697921752929688e+01,1.322183990478515625e+01,1.105022716522216797e+01,8.567854881286621094e+00,5.846886157989501953e+00,2.964248418807983398e+00,7.313274843297103839e-15
0.000000000000000000e+00,-6.280872821807861328e+00,-1.234134292602539062e+01,-1.797078704833984375e+01,-2.297766876220703125e+01,-2.719792938232421875e+01,-3.050204849243164062e+01,-3.280045700073242188e+01,-3.404703521728515625e+01,-3.424057388305664062e+01,-3.342409133911132812e+01,-3.168212127685546875e+01,-2.913610649108886719e+01,-2.593811988830566406e+01,-2.226329040527343750e+01,-1.830127143859863281e+01,-1.424721527099609375e+01,-1.029268550872802734e+01,-6.616944789886474609e+00,-3.379034280776977539e+00,-7.110055088996887207e-01,1.287390232086181641e+00,2.552346706390380859e+00,3.057842969894409180e+00,2.815645694732666016e+00,1.873530030250549316e+00,3.118563890457153320e-01,-1.761271953582763672e+00,-4.215994358062744141e+00,-6.907488822937011719e+00,-9.683222770690917969e+00,-1.239029598236083984e+01,-1.488251876831054688e+01,-1.702689552307128906e+01,-1.870923995971679688e+01,-1.983869552612304688e+01,-2.035097503662109375e+01,-2.021027946472167969e+01,-1.940983200073242188e+01,-1.797109031677246094e+01,-1.594176292419433594e+01,-1.339278411865234375e+01,-1.041444206237792969e+01,-7.111911773681640625e+00,-3.600420475006103516e+00,-3.034030087292194366e-04,3.567836523056030273e+00,6.987649440765380859e+00,1.015107440948486328e+01,1.296176147460937500e+01,1.533779621124267578e+01,1.721368026733398438e+01,1.854157257080078125e+01,1.929182434082031250e+01,1.945288276672363281e+01,1.903063201904296875e+01,1.804729652404785156e+01,1.653999900817871094e+01,1.455907154083251953e+01,1.216621589660644531e+01,9.432590484619140625e+00,6.436877250671386719e+00,3.263352394104003906e+00,8.051215876175681074e-15
0.000000000000000000e+00,-6.344112873077392578e+00,-1.246251010894775391e+01,-1.813949012756347656e+01,-2.317889022827148438e+01,-2.741267776489257812e+01,-3.070818901062011719e+01,-3.297367095947265625e+01,-3.416188430786132812e+01,-3.427159500122070312e+01,-3.334689712524414062e+01,-3.147447013854980469e+01,-2.877884674072265625e+01,-2.541602706909179688e+01,-2.156571197509765625e+01,-1.742259788513183594e+01,-1.318712997436523438e+01,-9.056186676025390625e+00,-5.214156627655029297e+00,-1.824805855751037598e+00,9.756762981414794922e-01,3.084150314331054688e+00,4.434295654296875000e+00,4.998538970947265625e+00,4.788099288940429688e+00,3.851212024688720703e+00,2.269665479660034180e+00,1.538753062486648560e-01,-2.363214492797851562e+00,-5.133072853088378906e+00,-7.999002456665039062e+00,-1.080366325378417969e+01,-1.339633941650390625e+01,-1.563961696624755859e+01,-1.741517448425292969e+01,-1.862846183776855469e+01,-1.921209526062011719e+01,-1.912787437438964844e+01,-1.836740875244140625e+01,-1.695137214660644531e+01,-1.492754077911376953e+01,-1.236773872375488281e+01,-9.363921165466308594e+00,-6.023625850677490234e+00,-2.465030431747436523e+00,1.188117742538452148e+00,4.811480998992919922e+00,8.284802436828613281e+00,1.149609470367431641e+01,1.434521007537841797e+01,1.674671173095703125e+01,1.863197708129882812e+01,1.995055961608886719e+01,2.067080879211425781e+01,2.077984428405761719e+01,2.028295326232910156e+01,1.920249748229980469e+01,1.757647323608398438e+01,1.545679569244384766e+01,1.290739917755126953e+01,1.000225543975830078e+01,6.823344707489013672e+00,3.458619594573974609e+00,8.532438163400424963e-15
0.000000000000000000e+00,-6.290451049804687500e+00,-1.235433769226074219e+01,-1.797516059875488281e+01,-2.295606422424316406e+01,-2.712846374511718750e+01,-3.035933113098144531e+01,-3.255675125122070312e+01,-3.367354202270507812e+01,-3.370875167846679688e+01,-3.270697021484375000e+01,-3.075554847717285156e+01,-2.797986221313476562e+01,-2.453685951232910156e+01,-2.060726165771484375e+01,-1.638679885864257812e+01,-1.207692146301269531e+01,-7.875432968139648438e+00,-3.967523336410522461e+00,-5.176037549972534180e-01,2.337672710418701172e+00,4.494898796081542969e+00,5.887686252593994141e+00,6.488582611083984375e+00,6.309100627899169922e+00,5.397911071777343750e+00,3.837342739105224609e+00,1.738418579101562500e+00,-7.652899026870727539e-01,-3.524646759033203125e+00,-6.382412910461425781e+00,-9.180806159973144531e+00,-1.176879882812500000e+01,-1.400881195068359375e+01,-1.578251552581787109e+01,-1.699551200866699219e+01,-1.758071708679199219e+01,-1.750036048889160156e+01,-1.674657249450683594e+01,-1.534062671661376953e+01,-1.333091926574707031e+01,-1.078988933563232422e+01,-7.810056686401367188e+00,-4.499438285827636719e+00,-9.765818119049072266e-01,2.634534120559692383e+00,6.209490299224853516e+00,9.628104209899902344e+00,1.277861309051513672e+01,1.556123924255371094e+01,1.789102745056152344e+01,1.969993972778320312e+01,2.093816947937011719e+01,2.157474327087402344e+01,2.159745025634765625e+01,2.101221275329589844e+01,1.984197044372558594e+01,1.812521743774414062e+01,1.591426467895507812e+01,1.327334403991699219e+01,1.027662372589111328e+01,7.006186485290527344e+00,3.550013780593872070e+00,8.756864624973135364e-15
0.000000000000000000e+00,-6.124766349792480469e+00,-1.202641868591308594e+01,-1.749178695678710938e+01,-2.232711029052734375e+01,-2.636655235290527344e+01,-2.947938728332519531e+01,-3.157548522949218750e+01,-3.260886764526367188e+01,-3.257913970947265625e+01,-3.153081703186035156e+01,-2.955053138732910156e+01,-2.676230239868164062e+01,-2.332116889953613281e+01,-1.940543556213378906e+01,-1.520800971984863281e+01,-1.092721366882324219e+01,-6.757545471191406250e+00,-2.880832672119140625e+00,5.417969226837158203e-01,3.376761674880981445e+00,5.523390293121337891e+00,6.917575359344482422e+00,7.533594131469726562e+00,7.384055614471435547e+00,6.518035888671875000e+00,5.017547607421875000e+00,2.992572784423828125e+00,5.749432444572448730e-01,-2.088589906692504883e+00,-4.843735694885253906e+00,-7.536118507385253906e+00,-1.001844692230224609e+01,-1.215706825256347656e+01,-1.383761692047119141e+01,-1.496953487396240234e+01,-1.548929882049560547e+01,-1.536227703094482422e+01,-1.458318138122558594e+01,-1.317519187927246094e+01,-1.118785953521728516e+01,-8.693959236145019531e+00,-5.785508632659912109e+00,-2.569192886352539062e+00,8.385587930679321289e-01,4.316595554351806641e+00,7.743928432464599609e+00,1.100427436828613281e+01,1.399008750915527344e+01,1.660595130920410156e+01,1.877124786376953125e+01,2.042206954956054688e+01,2.151237106323242188e+01,2.201441192626953125e+01,2.191856765747070312e+01,2.123257827758789062e+01,1.998037719726562500e+01,1.820058250427246094e+01,1.594476127624511719e+01,1.327558135986328125e+01,1.026488780975341797e+01,6.991796970367431641e+00,3.540813446044921875e+00,8.732612377627350236e-15
0.000000000000000000e+00,-5.855072498321533203e+00,-1.149449539184570312e+01,-1.671228027343750000e+01,-2.132129287719726562e+01,-2.516152000427246094e+01,-2.810704040527343750e+01,-3.007131576538085938e+01,-3.101062202453613281e+01,-3.092540168762207031e+01,-2.985955047607421875e+01,-2.789765357971191406e+01,-2.516034889221191406e+01,-2.179807662963867188e+01,-1.798352241516113281e+01,-1.390316390991210938e+01,-9.748344421386718750e+00,-5.706304550170898438e+00,-1.951627612113952637e+00,1.361500978469848633e+00,4.105864524841308594e+00,6.186318397521972656e+00,7.543222427368164062e+00,8.154072761535644531e+00,8.033313751220703125e+00,7.230389595031738281e+00,5.826189041137695312e+00,3.928109884262084961e+00,1.664031863212585449e+00,-8.244686126708984375e-01,-3.389301538467407227e+00,-5.883080959320068359e+00,-8.166022300720214844e+00,-1.011220359802246094e+01,-1.161490726470947266e+01,-1.259084033966064453e+01,-1.298306941986083984e+01,-1.276260948181152344e+01,-1.192864608764648438e+01,-1.050748157501220703e+01,-8.550294876098632812e+00,-6.129928112030029297e+00,-3.336895704269409180e+00,-2.748552858829498291e-01,2.944201231002807617e+00,6.204799175262451172e+00,9.392645835876464844e+00,1.239891147613525391e+01,1.512397003173828125e+01,1.748047637939453125e+01,1.939571380615234375e+01,2.081319808959960938e+01,2.169352722167968750e+01,2.201457214355468750e+01,2.177104759216308594e+01,2.097360801696777344e+01,1.964755439758300781e+01,1.783127403259277344e+01,1.557453346252441406e+01,1.293669414520263672e+01,9.984941482543945312e+00,6.792571544647216797e+00,3.437357902526855469e+00,8.475369318579166478e-15
0.000000000000000000e+00,-5.492151260375976562e+00,-1.077973556518554688e+01,-1.566741752624511719e+01,-1.997787666320800781e+01,-2.355969810485839844e+01,-2.629400062561035156e+01,-2.809947776794433594e+01,-2.893560409545898438e+01,-2.880389022827148438e+01,-2.774712371826171875e+01,-2.584664916992187500e+01,-2.321787643432617188e+01,-2.000422859191894531e+01,-1.636987304687500000e+01,-1.249161338806152344e+01,-8.550335884094238281e+00,-4.722470283508300781e+00,-1.171864032745361328e+00,1.957531690597534180e+00,4.547820091247558594e+00,6.511888504028320312e+00,7.796516418457031250e+00,8.383747100830078125e+00,8.290513038635253906e+00,7.566578388214111328e+00,6.290969371795654297e+00,4.567101001739501953e+00,2.516902446746826172e+00,2.742622494697570801e-01,-2.021856784820556641e+00,-4.234276771545410156e+00,-6.234101295471191406e+00,-7.906547546386718750e+00,-9.155846595764160156e+00,-9.909028053283691406e+00,-1.011844635009765625e+01,-9.762995719909667969e+00,-8.848020553588867188e+00,-7.404003143310546875e+00,-5.484163761138916016e+00,-3.161154031753540039e+00,-5.230673551559448242e-01,2.330997467041015625e+00,5.295571804046630859e+00,8.263414382934570312e+00,1.112985610961914062e+01,1.379670238494873047e+01,1.617555427551269531e+01,1.819044876098632812e+01,1.977975654602050781e+01,2.089734268188476562e+01,2.151302337646484375e+01,2.161237335205078125e+01,2.119602012634277344e+01,2.027849006652832031e+01,1.888677597045898438e+01,1.705871391296386719e+01,1.484130573272705078e+01,1.228904914855957031e+01,9.462376594543457031e+00,6.426215648651123047e+00,3.248696565628051758e+00,8.007519987525673483e-15
0.000000000000000000e+00,-5.049095630645751953e+00,-9.907838821411132812e+00,-1.439455413818359375e+01,-1.834449195861816406e+01,-2.161722755432128906e+01,-2.410286712646484375e+01,-2.572673034667968750e+01,-2.645231819152832031e+01,-2.628240013122558594e+01,-2.525821495056152344e+01,-2.345683479309082031e+01,-2.098683166503906250e+01,-1.798251152038574219e+01,-1.459702014923095703e+01,-1.099466514587402344e+01,-7.342878818511962891e+00,-3.804207324981689453e+00,-5.287477374076843262e-01,2.352616548538208008e+00,4.733850479125976562e+00,6.538022518157958984e+00,7.720001697540283203e+00,8.267507553100585938e+00,8.200502395629882812e+00,7.569015979766845703e+00,6.449554443359375000e+00,4.940330505371093750e+00,3.155589818954467773e+00,1.219358801841735840e+00,-7.410501241683959961e-01,-2.601437330245971680e+00,-4.246699810028076172e+00,-5.576113700866699219e+00,-6.507681369781494141e+00,-6.981365680694580078e+00,-6.961105346679687500e+00,-6.435565948486328125e+00,-5.417665958404541016e+00,-3.942957878112792969e+00,-2.067027091979980469e+00,1.379126608371734619e-01,2.586993932723999023e+00,5.187008380889892578e+00,7.840811729431152344e+00,1.045159626007080078e+01,1.292682552337646484e+01,1.518166160583496094e+01,1.714176177978515625e+01,1.874536514282226562e+01,1.994463729858398438e+01,2.070628547668457031e+01,2.101151657104492188e+01,2.085539817810058594e+01,2.024578094482421875e+01,1.920186996459960938e+01,1.775260925292968750e+01,1.593499660491943359e+01,1.379243373870849609e+01,1.137322330474853516e+01,8.729249954223632812e+00,5.914890766143798828e+00,2.986151218414306641e+00,7.357068140736045675e-15
0.000000000000000000e+00,-4.540793418884277344e+00,-8.908023834228515625e+00,-1.293614673614501953e+01,-1.647524642944335938e+01,-1.939785957336425781e+01,-2.160466384887695312e+01,-2.302876472473144531e+01,-2.363833999633789062e+01,-2.343757057189941406e+01,-2.246578979492187500e+01,-2.079491996765136719e+01,-1.852537345886230469e+01,-1.578060722351074219e+01,-1.270067691802978516e+01,-9.435083389282226562e+00,-6.135336399078369141e+00,-2.947585344314575195e+00,-5.713193677365779877e-03,2.574776649475097656e+00,4.701778411865234375e+00,6.310282230377197266e+00,7.364593505859375000e+00,7.859007835388183594e+00,7.816939830780029297e+00,7.288610458374023438e+00,6.347451686859130859e+00,5.085456371307373047e+00,3.607756614685058594e+00,2.026732921600341797e+00,4.559848010540008545e-01,-9.955229759216308594e-01,-2.228837490081787109e+00,-3.159658908843994141e+00,-3.722035169601440430e+00,-3.870960235595703125e+00,-3.583791494369506836e+00,-2.860472202301025391e+00,-1.722607851028442383e+00,-2.115061581134796143e-01,1.614654183387756348e+00,3.684328794479370117e+00,5.916557312011718750e+00,8.225122451782226562e+00,1.052267837524414062e+01,1.272464084625244141e+01,1.475263881683349609e+01,1.653738594055175781e+01,1.802087402343750000e+01,1.915780448913574219e+01,1.991630363464355469e+01,2.027791213989257812e+01,2.023695182800292969e+01,1.979939651489257812e+01,1.898135757446289062e+01,1.780734062194824219e+01,1.630843353271484375e+01,1.452054023742675781e+01,1.248278808593750000e+01,1.023619556427001953e+01,7.822652816772460938e+00,5.284231185913085938e+00,2.662815093994140625e+00,6.556397118333235838e-15
0.000000000000000000e+00,-3.983361244201660156e+00,-7.811919212341308594e+00,-1.133814716339111328e+01,-1.442869472503662109e+01,-1.697055816650390625e+01,-1.887620162963867188e+01,-2.008737564086914062e+01,-2.057744216918945312e+01,-2.035209274291992188e+01,-1.944845962524414062e+01,-1.793264579772949219e+01,-1.589587497711181641e+01,-1.344942569732666016e+01,-1.071867275238037109e+01,-7.836546421051025391e+00,-4.936754226684570312e+00,-2.147137403488159180e+00,4.165013134479522705e-01,2.655781269073486328e+00,4.494078159332275391e+00,5.879600524902343750e+00,6.787085056304931641e+00,7.218054771423339844e+00,7.199664115905761719e+00,6.782240867614746094e+00,6.035691261291503906e+00,5.044995307922363281e+00,3.905069828033447266e+00,2.715290784835815430e+00,1.573982834815979004e+00,5.731790661811828613e-01,-2.060811519622802734e-01,-6.976798176765441895e-01,-8.533920049667358398e-01,-6.447807550430297852e-01,-6.395923346281051636e-02,8.767709136009216309e-01,2.146330118179321289e+00,3.697191953659057617e+00,5.468459129333496094e+00,7.389472007751464844e+00,9.383722305297851562e+00,1.137283325195312500e+01,1.328037834167480469e+01,1.503533840179443359e+01,1.657502365112304688e+01,1.784732818603515625e+01,1.881224060058593750e+01,1.944259452819824219e+01,1.972404861450195312e+01,1.965441322326660156e+01,1.924237823486328125e+01,1.850582504272460938e+01,1.746985816955566406e+01,1.616471672058105469e+01,1.462374305725097656e+01,1.288154125213623047e+01,1.097244548797607422e+01,8.929378509521484375e+00,6.783163070678710938e+00,4.562273502349853516e+00,2.293007135391235352e+00,5.640919673776051760e-15
0.000000000000000000e+00,-3.393560409545898438e+00,-6.652414798736572266e+00,-9.648335456848144531e+00,-1.226570987701416016e+01,-1.440700817108154297e+01,-1.599729061126708984e+01,-1.698753929138183594e+01,-1.735661697387695312e+01,-1.711178207397460938e+01,-1.628774642944335938e+01,-1.494432735443115234e+01,-1.316284179687500000e+01,-1.104147243499755859e+01,-8.689838409423828125e+00,-6.223093986511230469e+00,-3.755878686904907227e+00,-1.396443605422973633e+00,7.587291002273559570e-01,2.629533767700195312e+00,4.155839443206787109e+00,5.299911499023437500e+00,6.047543048858642578e+00,6.407877922058105469e+00,6.411959171295166016e+00,6.110121250152587891e+00,5.568405151367187500e+00,4.864217281341552734e+00,4.081503868103027344e+00,3.305715799331665039e+00,2.618866205215454102e+00,2.094941377639770508e+00,1.795923471450805664e+00,1.768622756004333496e+00,2.042474031448364258e+00,2.628387689590454102e+00,3.518680810928344727e+00,4.688051223754882812e+00,6.095499515533447266e+00,7.687046527862548828e+00,9.399059295654296875e+00,1.116196060180664062e+01,1.290409755706787109e+01,1.455552101135253906e+01,1.605147361755371094e+01,1.733538246154785156e+01,1.836120986938476562e+01,1.909505844116210938e+01,1.951597213745117188e+01,1.961592674255371094e+01,1.939908981323242188e+01,1.888040542602539062e+01,1.808367156982421875e+01,1.703926849365234375e+01,1.578170776367187500e+01,1.434718799591064453e+01,1.277134227752685547e+01,1.108731174468994141e+01,9.324283599853515625e+00,7.506565093994140625e+00,5.653230190277099609e+00,3.778344392776489258e+00,1.891703486442565918e+00,4.647672746199661351e-15
0.000000000000000000e+00,-2.788209676742553711e+00,-5.462512969970703125e+00,-7.914654254913330078e+00,-1.004736995697021484e+01,-1.177912521362304688e+01,-1.304799747467041016e+01,-1.381448173522949219e+01,-1.406309318542480469e+01,-1.380266284942626953e+01,-1.306534576416015625e+01,-1.190439033508300781e+01,-1.039082336425781250e+01,-8.609230041503906250e+00,-6.652895927429199219e+00,-4.618571281433105469e+00,-2.601175546646118164e+00,-6.887202858924865723e-01,1.042248010635375977e+00,2.530453443527221680e+00,3.732733726501464844e+00,4.625780582427978516e+00,5.206702232360839844e+00,5.492398262023925781e+00,5.517807960510253906e+00,5.333160400390625000e+00,5.000403404235839844e+00,4.589042186737060547e+00,4.171638965606689453e+00,3.819249629974365234e+00,3.597060203552246094e+00,3.560482025146484375e+00,3.751917600631713867e+00,4.198377132415771484e+00,4.910065174102783203e+00,5.879991531372070312e+00,7.084610939025878906e+00,8.485420227050781250e+00,1.003139781951904297e+01,1.166210651397705078e+01,1.331126880645751953e+01,1.491057205200195312e+01,1.639347457885742188e+01,1.769878196716308594e+01,1.877378273010253906e+01,1.957676124572753906e+01,2.007876777648925781e+01,2.026454544067382812e+01,2.013260841369628906e+01,1.969447326660156250e+01,1.897315788269042969e+01,1.800104141235351562e+01,1.681726264953613281e+01,1.546487236022949219e+01,1.398788356781005859e+01,1.242848014831542969e+01,1.082453441619873047e+01,9.207613945007324219e+00,7.601579189300537109e+00,6.021881103515625000e+00,4.475560188293457031e+00,2.961944818496704102e+00,1.473968505859375000e+00,3.613911809239624129e-15
0.000000000000000000e+00,-2.183620691299438477e+00,-4.274221897125244141e+00,-6.183599948883056641e+00,-7.832907199859619141e+00,-9.156657218933105469e+00,-1.010596752166748047e+01,-1.065085601806640625e+01,-1.078146648406982422e+01,-1.050816154479980469e+01,-9.860474586486816406e+00,-8.885012626647949219e+00,-7.642416477203369141e+00,-6.203587532043457031e+00,-4.645390033721923828e+00,-3.046097040176391602e+00,-1.480847835540771484e+00,-1.738219521939754486e-02,1.287697315216064453e+00,2.391923189163208008e+00,3.269050598144531250e+00,3.910121440887451172e+00,4.323458671569824219e+00,4.533600807189941406e+00,4.579258441925048828e+00,4.510426998138427734e+00,4.384842872619628906e+00,4.264008998870849609e+00,4.209029197692871094e+00,4.276520252227783203e+00,4.514837741851806641e+00,4.960855960845947266e+00,5.637478351593017578e+00,6.552040100097656250e+00,7.695672512054443359e+00,9.043678283691406250e+00,1.055686473846435547e+01,1.218375396728515625e+01,1.386353015899658203e+01,1.552951717376708984e+01,1.711298561096191406e+01,1.854705047607421875e+01,1.977040100097656250e+01,2.073067092895507812e+01,2.138720703125000000e+01,2.171311759948730469e+01,2.169643783569335938e+01,2.134041213989257812e+01,2.066283226013183594e+01,1.969453430175781250e+01,1.847714042663574219e+01,1.706020164489746094e+01,1.549795341491699219e+01,1.384586811065673828e+01,1.215725421905517578e+01,1.048010730743408203e+01,8.854419708251953125e+00,7.310106277465820312e+00,5.865690708160400391e+00,4.527809143066406250e+00,3.291561126708984375e+00,2.141677618026733398e+00,1.054408073425292969e+00,2.575757524140415665e-15
0.000000000000000000e+00,-1.595076680183410645e+00,-3.117530822753906250e+00,-4.498737812042236328e+00,-5.677825450897216797e+00,-6.604960441589355469e+00,-7.243968486785888672e+00,-7.574129581451416016e+00,-7.591040611267089844e+00,-7.306503772735595703e+00,-6.747442245483398438e+00,-5.953922271728515625e+00,-4.976402759552001953e+00,-3.872388601303100586e+00,-2.702695369720458984e+00,-1.527561187744140625e+00,-4.028466045856475830e-01,6.234411001205444336e-01,1.514082074165344238e+00,2.244855880737304688e+00,2.805895090103149414e+00,3.202095031738281250e+00,3.452558755874633789e+00,3.589113473892211914e+00,3.653988122940063477e+00,3.696806430816650391e+00,3.771078348159790039e+00,3.930413246154785156e+00,4.224696636199951172e+00,4.696465969085693359e+00,5.377719402313232422e+00,6.287362098693847656e+00,7.429444789886474609e+00,8.792322158813476562e+00,1.034877872467041016e+01,1.205712699890136719e+01,1.386321544647216797e+01,1.570321941375732422e+01,1.750706291198730469e+01,1.920225334167480469e+01,2.071790885925292969e+01,2.198871231079101562e+01,2.295857620239257812e+01,2.358378791809082031e+01,2.383543968200683594e+01,2.370099258422851562e+01,2.318488693237304688e+01,2.230817985534667969e+01,2.110718345642089844e+01,1.963125610351562500e+01,1.793981933593750000e+01,1.609882545471191406e+01,1.417688655853271484e+01,1.224128437042236328e+01,1.035412216186523438e+01,8.568854331970214844e+00,6.927392005920410156e+00,5.457974433898925781e+00,4.173924922943115234e+00,3.073365449905395508e+00,2.139906167984008789e+00,1.344257354736328125e+00,6.466636657714843750e-01,1.566946048520872267e-15
0.000000000000000000e+00,-1.036369323730468750e+00,-2.019505023956298828e+00,-2.899389266967773438e+00,-3.632225990295410156e+00,-4.183042049407958984e+00,-4.527712821960449219e+00,-4.654280185699462891e+00,-4.563474655151367188e+00,-4.268413066864013672e+00,-3.793477773666381836e+00,-3.172463893890380859e+00,-2.446105241775512695e+00,-1.659142971038818359e+00,-8.571295738220214844e-01,-8.317791670560836792e-02,6.251285672187805176e-01,1.238458514213562012e+00,1.737902522087097168e+00,2.116441011428833008e+00,2.379603385925292969e+00,2.545262813568115234e+00,2.642569780349731445e+00,2.710077285766601562e+00,2.793169736862182617e+00,2.940949916839599609e+00,3.202775955200195312e+00,3.624668598175048828e+00,4.245814800262451172e+00,5.095396041870117188e+00,6.189955711364746094e+00,7.531473159790039062e+00,9.106299400329589844e+00,1.088502216339111328e+01,1.282330703735351562e+01,1.486367416381835938e+01,1.693811988830566406e+01,1.897145843505859375e+01,2.088516998291015625e+01,2.260155868530273438e+01,2.404796028137207031e+01,2.516075706481933594e+01,2.588895988464355469e+01,2.619712638854980469e+01,2.606746482849121094e+01,2.550094795227050781e+01,2.451739692687988281e+01,2.315450096130371094e+01,2.146583366394042969e+01,1.951795387268066406e+01,1.738678169250488281e+01,1.515343475341796875e+01,1.289977645874023438e+01,1.070393753051757812e+01,8.636060714721679688e+00,6.754539012908935547e+00,5.102944374084472656e+00,3.707846641540527344e+00,2.577647447586059570e+00,1.702491283416748047e+00,1.055267214775085449e+00,5.936362147331237793e-01,2.629664242267608643e-01,6.177255112625962361e-16
0.000000000000000000e+00,-5.194146037101745605e-01,-1.003529310226440430e+00,-1.419533014297485352e+00,-1.739412426948547363e+00,-1.941916942596435547e+00,-2.014032602310180664e+00,-1.951859712600708008e+00,-1.760822057723999023e+00,-1.455187082290649414e+00,-1.056923508644104004e+00,-5.939658284187316895e-01,-9.800308942794799805e-02,3.980598747730255127e-01,8.627939224243164062e-01,1.268900513648986816e+00,1.595640778541564941e+00,1.830858230590820312e+00,1.972442865371704102e+00,2.029112339019775391e+00,2.020434617996215820e+00,1.976062178611755371e+00,1.934201121330261230e+00,1.939389109611511230e+00,2.039705514907836914e+00,2.283574581146240234e+00,2.716359853744506836e+00,3.376960039138793945e+00,4.294628143310546875e+00,5.486227035522460938e+00,6.954111099243164062e+00,8.684793472290039062e+00,1.064850902557373047e+01,1.279973697662353516e+01,1.507868766784667969e+01,1.741368484497070312e+01,1.972435569763183594e+01,2.192543601989746094e+01,2.393102073669433594e+01,2.565897369384765625e+01,2.703530502319335938e+01,2.799820899963378906e+01,2.850156021118164062e+01,2.851762390136718750e+01,2.803883361816406250e+01,2.707850646972656250e+01,2.567043304443359375e+01,2.386735343933105469e+01,2.173838806152343750e+01,1.936554527282714844e+01,1.683950996398925781e+01,1.425492477416992188e+01,1.170543193817138672e+01,9.278759002685546875e+00,7.052114486694335938e+00,5.088167190551757812e+00,3.431834459304809570e+00,2.108059644699096680e+00,1.120719194412231445e+00,4.527162909507751465e-01,6.726252287626266479e-02,-8.972322195768356323e-02,-8.623352646827697754e-02,-2.460595506966872228e-16
0.000000000000000000e+00,-5.395384132862091064e-02,-8.872420340776443481e-02,-8.695796877145767212e-02,-3.481171280145645142e-02,7.665986567735671997e-02,2.505252659320831299e-01,4.834959208965301514e-01,7.659965157508850098e-01,1.082796454429626465e+00,1.414171218872070312e+00,1.737522006034851074e+00,2.029342889785766602e+00,2.267399072647094727e+00,2.432957172393798828e+00,2.512897014617919922e+00,2.501541376113891602e+00,2.402049064636230469e+00,2.227242231369018555e+00,1.999774336814880371e+00,1.751588463783264160e+00,1.522655129432678223e+00,1.359037399291992188e+00,1.310370802879333496e+00,1.426891684532165527e+00,1.756183743476867676e+00,2.339837312698364258e+00,3.210230588912963867e+00,4.387646198272705078e+00,5.877914905548095703e+00,7.670772075653076172e+00,9.739049911499023438e+00,1.203880691528320312e+01,1.451043128967285156e+01,1.708068466186523438e+01,1.966563224792480469e+01,2.217429161071777344e+01,2.451287269592285156e+01,2.658930969238281250e+01,2.831793212890625000e+01,2.962393188476562500e+01,3.044741821289062500e+01,3.074681472778320312e+01,3.050137329101562500e+01,2.971265602111816406e+01,2.840489006042480469e+01,2.662412071228027344e+01,2.443621253967285156e+01,2.192376708984375000e+01,1.918213653564453125e+01,1.631468963623046875e+01,1.342763519287109375e+01,1.062463569641113281e+01,8.001527786254882812e+00,5.641428947448730469e+00,3.610515832901000977e+00,1.954688906669616699e+00,6.973338127136230469e-01,-1.617041677236557007e-01,-6.458653807640075684e-01,-8.003504872322082520e-01,-6.894035935401916504e-01,-3.925510942935943604e-01,-1.003671044420893863e-15
0.000000000000000000e+00,3.526473343372344971e-01,7.104498744010925293e-01,1.077311038970947266e+00,1.454756855964660645e+00,1.841051936149597168e+00,2.230654954910278320e+00,2.614083051681518555e+00,2.978224039077758789e+00,3.307094097137451172e+00,3.583009243011474609e+00,3.788094997406005859e+00,3.906032800674438477e+00,3.923913240432739258e+00,3.834056138992309570e+00,3.635641574859619141e+00,3.336011886596679688e+00,2.951512098312377930e+00,2.507765293121337891e+00,2.039309501647949219e+00,1.588571310043334961e+00,1.204184293746948242e+00,9.387162327766418457e-01,8.459062576293945312e-01,9.775543808937072754e-01,1.380237221717834473e+00,2.092043399810791016e+00,3.139534473419189453e+00,4.535130500793457031e+00,6.275110244750976562e+00,8.338377952575683594e+00,1.068611907958984375e+01,1.326241874694824219e+01,1.599585056304931641e+01,1.880200386047363281e+01,2.158685111999511719e+01,2.425079917907714844e+01,2.669323348999023438e+01,2.881732940673828125e+01,3.053486061096191406e+01,3.177075004577636719e+01,3.246711730957031250e+01,3.258655548095703125e+01,3.211447143554687500e+01,3.106030082702636719e+01,2.945754814147949219e+01,2.736257362365722656e+01,2.485218238830566406e+01,2.202014350891113281e+01,1.897276878356933594e+01,1.582378005981445312e+01,1.268875598907470703e+01,9.679409027099609375e+00,6.898023605346679688e+00,4.432344913482666016e+00,2.351197004318237305e+00,7.010743618011474609e-01,-4.961071312427520752e-01,-1.243968367576599121e+00,-1.571274995803833008e+00,-1.530210852622985840e+00,-1.193403363227844238e+00,-6.498550772666931152e-01,-1.639944194948195124e-15
0.000000000000000000e+00,6.955006122589111328e-01,1.384391307830810547e+00,2.059302330017089844e+00,2.711448907852172852e+00,3.330174684524536133e+00,3.902773618698120117e+00,4.414642810821533203e+00,4.849795341491699219e+00,5.191716670989990234e+00,5.424538612365722656e+00,5.534444332122802734e+00,5.511219024658203125e+00,5.349820137023925781e+00,5.051838874816894531e+00,4.626721382141113281e+00,4.092620372772216797e+00,3.476766586303710938e+00,2.815282583236694336e+00,2.152379274368286133e+00,1.538930296897888184e+00,1.030453681945800781e+00,6.845721006393432617e-01,5.580668449401855469e-01,7.036734819412231445e-01,1.166794657707214355e+00,1.982322335243225098e+00,3.171769380569458008e+00,4.740900516510009766e+00,6.678039550781250000e+00,8.953192710876464844e+00,1.151809310913085938e+01,1.430721664428710938e+01,1.723977470397949219e+01,2.022262191772460938e+01,2.315396308898925781e+01,2.592771530151367188e+01,2.843828010559082031e+01,3.058553695678710938e+01,3.227975082397460938e+01,3.344615936279296875e+01,3.402896499633789062e+01,3.399451446533203125e+01,3.333346176147460938e+01,3.206176757812500000e+01,3.022044754028320312e+01,2.787408828735351562e+01,2.510810470581054688e+01,2.202494049072265625e+01,1.873932075500488281e+01,1.537282562255859375e+01,1.204805850982666016e+01,8.882678031921386719e+00,5.983648777008056641e+00,3.441973924636840820e+00,1.328219652175903320e+00,-3.109383285045623779e-01,-1.454952120780944824e+00,-2.110297918319702148e+00,-2.309972047805786133e+00,-2.111609220504760742e+00,-1.594312429428100586e+00,-8.543581962585449219e-01,-2.145509679681435571e-15
0.000000000000000000e+00,9.721955060958862305e-01,1.928358793258666992e+00,2.852100133895874023e+00,3.726400375366210938e+00,4.533503055572509766e+00,5.255032062530517578e+00,5.872375488281250000e+00,6.367353439331054688e+00,6.723152160644531250e+00,6.925481319427490234e+00,6.963891506195068359e+00,6.833148479461669922e+00,6.534564971923828125e+00,6.077160835266113281e+00,5.478544712066650391e+00,4.765393257141113281e+00,3.973448991775512695e+00,3.146956443786621094e+00,2.337516546249389648e+00,1.602351784706115723e+00,1.002032160758972168e+00,5.977441668510437012e-01,4.482221305370330811e-01,6.064959168434143066e-01,1.116629362106323242e+00,2.010639667510986328e+00,3.305790185928344727e+00,5.002440452575683594e+00,7.082612991333007812e+00,9.509412765502929688e+00,1.222737884521484375e+01,1.516382122039794922e+01,1.823111343383789062e+01,2.132987785339355469e+01,2.435294914245605469e+01,2.718993186950683594e+01,2.973212623596191406e+01,3.187762069702148438e+01,3.353623962402343750e+01,3.463411712646484375e+01,3.511761093139648438e+01,3.495639419555664062e+01,3.414541625976562500e+01,3.270575714111328125e+01,3.068413925170898438e+01,2.815122032165527344e+01,2.519862365722656250e+01,2.193490028381347656e+01,1.848057556152343750e+01,1.496252346038818359e+01,1.150796031951904297e+01,8.238340377807617188e+00,5.263487339019775391e+00,2.676263809204101562e+00,5.480482578277587891e-01,-1.074720382690429688e+00,-2.172754287719726562e+00,-2.754753828048706055e+00,-2.856819629669189453e+00,-2.540460586547851562e+00,-1.889294505119323730e+00,-1.004607677459716797e+00,-2.516771632001283884e-15
0.000000000000000000e+00,1.182704210281372070e+00,2.342284679412841797e+00,3.455573320388793945e+00,4.499382972717285156e+00,5.450668334960937500e+00,6.286869525909423828e+00,6.986471176147460938e+00,7.529780864715576172e+00,7.899909973144531250e+00,8.083914756774902344e+00,8.074023246765136719e+00,7.868866920471191406e+00,7.474608898162841797e+00,6.905867576599121094e+00,6.186321258544921875e+00,5.348901748657226562e+00,4.435500144958496094e+00,3.496124505996704102e+00,2.587498664855957031e+00,1.771109819412231445e+00,1.110762596130371094e+00,6.697284579277038574e-01,5.076162219047546387e-01,6.771162152290344238e-01,1.220793008804321289e+00,2.168111801147460938e+00,3.532884120941162109e+00,5.311306953430175781e+00,7.480746746063232422e+00,9.999389648437500000e+00,1.280682945251464844e+01,1.582563018798828125e+01,1.896383094787597656e+01,2.211831283569335938e+01,2.517891311645507812e+01,2.803307914733886719e+01,3.057087898254394531e+01,3.269009780883789062e+01,3.430117416381835938e+01,3.533171081542968750e+01,3.573030471801757812e+01,3.546949005126953125e+01,3.454759979248046875e+01,3.298942565917968750e+01,3.084560012817382812e+01,2.819071388244628906e+01,2.512021064758300781e+01,2.174621009826660156e+01,1.819244194030761719e+01,1.458853340148925781e+01,1.106392097473144531e+01,7.741715431213378906e+00,4.732805728912353516e+00,2.130522489547729492e+00,6.137925665825605392e-03,-1.594560623168945312e+00,-2.653436899185180664e+00,-3.180789947509765625e+00,-3.214707136154174805e+00,-2.819008350372314453e+00,-2.079882383346557617e+00,-1.101381301879882812e+00,-2.755649957961810344e-15
0.000000000000000000e+00,1.329197049140930176e+00,2.630414009094238281e+00,3.875853300094604492e+00,5.038141250610351562e+00,6.090681076049804688e+00,7.008155345916748047e+00,7.767204761505126953e+00,8.347276687622070312e+00,8.731628417968750000e+00,8.908439636230468750e+00,8.871958732604980469e+00,8.623611450195312500e+00,8.172976493835449219e+00,7.538513660430908203e+00,6.747968673706054688e+00,5.838355064392089844e+00,4.855449676513671875e+00,3.852764129638671875e+00,2.889973163604736328e+00,2.030832529067993164e+00,1.340640068054199219e+00,8.833357095718383789e-01,7.183689475059509277e-01,8.974832892417907715e-01,1.461590647697448730e+00,2.437913656234741211e+00,3.837576150894165039e+00,5.653803825378417969e+00,7.860883712768554688e+00,1.041398334503173828e+01,1.324990463256835938e+01,1.628878974914550781e+01,1.943674087524414062e+01,2.258928489685058594e+01,2.563553047180175781e+01,2.846284675598144531e+01,3.096184921264648438e+01,3.303145217895507812e+01,3.458372116088867188e+01,3.554827499389648438e+01,3.587601852416992188e+01,3.554192733764648438e+01,3.454682159423828125e+01,3.291786193847656250e+01,3.070786666870117188e+01,2.799331092834472656e+01,2.487117004394531250e+01,2.145469093322753906e+01,1.786832618713378906e+01,1.424200916290283203e+01,1.070511150360107422e+01,7.380348682403564453e+00,4.377945899963378906e+00,1.790371298789978027e+00,-3.120929896831512451e-01,-1.884709835052490234e+00,-2.910392761230468750e+00,-3.400441408157348633e+00,-3.393859148025512695e+00,-2.955280780792236328e+00,-2.171604156494140625e+00,-1.147496819496154785e+00,-2.869107691905918925e-15
0.000000000000000000e+00,1.415780901908874512e+00,2.800790786743164062e+00,4.124588966369628906e+00,5.357446670532226562e+00,6.470821380615234375e+00,7.437958717346191406e+00,8.234636306762695312e+00,8.840045928955078125e+00,9.237798690795898438e+00,9.416993141174316406e+00,9.373291969299316406e+00,9.109936714172363281e+00,8.638590812683105469e+00,7.979939937591552734e+00,7.163949012756347656e+00,6.229704856872558594e+00,5.224783420562744141e+00,4.204110145568847656e+00,3.228304386138916016e+00,2.361544847488403320e+00,1.669011235237121582e+00,1.214000821113586426e+00,1.054845452308654785e+00,1.241778254508972168e+00,1.813913226127624512e+00,2.796514272689819336e+00,4.198720932006835938e+00,6.011888504028320312e+00,8.208679199218750000e+00,1.074300193786621094e+01,1.355085563659667969e+01,1.655210876464843750e+01,1.965315437316894531e+01,2.275037002563476562e+01,2.573424339294433594e+01,2.849398422241210938e+01,3.092241668701171875e+01,3.292090606689453125e+01,3.440408706665039062e+01,3.530411529541015625e+01,3.557425689697265625e+01,3.519155883789062500e+01,3.415847778320312500e+01,3.250332641601562500e+01,3.027949905395507812e+01,2.756346130371093750e+01,2.445159530639648438e+01,2.105602455139160156e+01,1.749960708618164062e+01,1.391032505035400391e+01,1.041535568237304688e+01,7.135116100311279297e+00,4.177563667297363281e+00,1.633064866065979004e+00,-4.299111068248748779e-01,-1.968051314353942871e+00,-2.965228080749511719e+00,-3.433190345764160156e+00,-3.410870313644409180e+00,-2.962331771850585938e+00,-2.173458814620971680e+00,-1.147544145584106445e+00,-2.868492534227975489e-15
0.000000000000000000e+00,1.448174834251403809e+00,2.864622592926025391e+00,4.218025207519531250e+00,5.477926254272460938e+00,6.615266799926757812e+00,7.603028297424316406e+00,8.417000770568847656e+00,9.036664009094238281e+00,9.446168899536132812e+00,9.635354995727539062e+00,9.600772857666015625e+00,9.346606254577636719e+00,8.885433197021484375e+00,8.238729476928710938e+00,7.437042236328125000e+00,6.519750595092773438e+00,5.534374713897705078e+00,4.535396575927734375e+00,3.582596778869628906e+00,2.738933086395263672e+00,2.068031311035156250e+00,1.631375312805175781e+00,1.485323071479797363e+00,1.678089261054992676e+00,2.246856212615966797e+00,3.215175867080688477e+00,4.590824604034423828e+00,6.364264488220214844e+00,8.507825851440429688e+00,1.097571945190429688e+01,1.370491886138916016e+01,1.661693572998046875e+01,1.962043190002441406e+01,2.261461257934570312e+01,2.549322509765625000e+01,2.814904212951660156e+01,3.047858047485351562e+01,3.238685226440429688e+01,3.379190063476562500e+01,3.462888717651367188e+01,3.485350418090820312e+01,3.444453048706054688e+01,3.340533065795898438e+01,3.176426315307617188e+01,2.957387542724609375e+01,2.690892601013183594e+01,2.386331367492675781e+01,2.054601478576660156e+01,1.707622337341308594e+01,1.357794761657714844e+01,1.017426395416259766e+01,6.981580257415771484e+00,4.104146003723144531e+00,1.629112601280212402e+00,-3.776073157787322998e-01,-1.874465107917785645e+00,-2.846217393875122070e+00,-3.304574728012084961e+00,-3.287518262863159180e+00,-2.857307434082031250e+00,-2.097273588180541992e+00,-1.107557773590087891e+00,-2.768723911502680469e-15
0.000000000000000000e+00,1.433337211608886719e+00,2.835550308227539062e+00,4.175943851470947266e+00,5.424717426300048828e+00,6.553511142730712891e+00,7.536043167114257812e+00,8.348862648010253906e+00,8.972203254699707031e+00,9.390917778015136719e+00,9.595449447631835938e+00,9.582787513732910156e+00,9.357327461242675781e+00,8.931571960449218750e+00,8.326577186584472656e+00,7.572081089019775391e+00,6.706245422363281250e+00,5.774960041046142578e+00,4.830686092376708984e+00,3.930843591690063477e+00,3.135769128799438477e+00,2.506307363510131836e+00,2.101126194000244141e+00,1.973872661590576172e+00,2.170303583145141602e+00,2.725546598434448242e+00,3.661643981933593750e+00,4.985533237457275391e+00,6.687605857849121094e+00,8.740962028503417969e+00,1.110144615173339844e+01,1.370851993560791016e+01,1.648697090148925781e+01,1.934943580627441406e+01,2.219963073730468750e+01,2.493618583679199219e+01,2.745691680908203125e+01,2.966330909729003906e+01,3.146504974365234375e+01,3.278433227539062500e+01,3.355973434448242188e+01,3.374944686889648438e+01,3.333368301391601562e+01,3.231610870361328125e+01,3.072418403625488281e+01,2.860838890075683594e+01,2.604033279418945312e+01,2.310979652404785156e+01,1.992087364196777344e+01,1.658732414245605469e+01,1.322742748260498047e+01,9.958518981933593750e+00,6.891522407531738281e+00,4.125732421875000000e+00,1.744118332862854004e+00,-1.906102746725082397e-01,-1.638971090316772461e+00,-2.586547851562500000e+00,-3.044601678848266602e+00,-3.049413681030273438e+00,-2.660382747650146484e+00,-1.956970930099487305e+00,-1.034642815589904785e+00,-2.587369710572561682e-15
0.000000000000000000e+00,1.379065394401550293e+00,2.728862762451171875e+00,4.020524024963378906e+00,5.226020336151123047e+00,6.318667411804199219e+00,7.273729324340820312e+00,8.069119453430175781e+00,8.686204910278320312e+00,9.110682487487792969e+00,9.333491325378417969e+00,9.351711273193359375e+00,9.169370651245117188e+00,8.798109054565429688e+00,8.257593154907226562e+00,7.575644969940185547e+00,6.787996292114257812e+00,5.937640190124511719e+00,5.073746204376220703e+00,4.250148296356201172e+00,3.523426771163940430e+00,2.950650215148925781e+00,2.586853265762329102e+00,2.482366800308227539e+00,2.680124521255493164e+00,3.213089466094970703e+00,4.101947307586669922e+00,5.353209495544433594e+00,6.957858085632324219e+00,8.890645027160644531e+00,1.111012363433837891e+01,1.355946731567382812e+01,1.616807556152343750e+01,1.885393333435058594e+01,2.152665138244628906e+01,2.409107017517089844e+01,2.645125198364257812e+01,2.851471710205078125e+01,3.019667816162109375e+01,3.142408943176269531e+01,3.213928985595703125e+01,3.230304336547851562e+01,3.189678573608398438e+01,3.092397880554199219e+01,2.941042900085449219e+01,2.740356445312500000e+01,2.497065734863281250e+01,2.219605064392089844e+01,1.917752265930175781e+01,1.602194976806640625e+01,1.284044647216796875e+01,9.743250846862792969e+00,6.834584236145019531e+00,4.207756996154785156e+00,1.940752625465393066e+00,9.253586828708648682e-02,-1.299734950065612793e+00,-2.222435474395751953e+00,-2.686048984527587891e+00,-2.724550724029541016e+00,-2.393621921539306641e+00,-1.767781496047973633e+00,-9.365735650062561035e-01,-2.343653555933792286e-15
0.000000000000000000e+00,1.293583631515502930e+00,2.560688257217407227e+00,3.775172233581542969e+00,4.911607742309570312e+00,5.945719718933105469e+00,6.854923248291015625e+00,7.618954181671142578e+00,8.220603942871093750e+00,8.646527290344238281e+00,8.888092041015625000e+00,8.942217826843261719e+00,8.812149047851562500e+00,8.508081436157226562e+00,8.047584533691406250e+00,7.455739498138427734e+00,6.764951705932617188e+00,6.014374256134033203e+00,5.248935222625732422e+00,4.517960548400878906e+00,3.873421430587768555e+00,3.367854356765747070e+00,3.052037477493286133e+00,2.972519636154174805e+00,3.169122457504272461e+00,3.672547340393066406e+00,4.502225399017333984e+00,5.664539813995361328e+00,7.151550292968750000e+00,8.940318107604980469e+00,1.099291419982910156e+01,1.325714683532714844e+01,1.566803169250488281e+01,1.814995765686035156e+01,2.061949157714843750e+01,2.298868751525878906e+01,2.516880607604980469e+01,2.707421112060546875e+01,2.862630653381347656e+01,2.975730323791503906e+01,3.041358375549316406e+01,3.055854988098144531e+01,3.017471313476562500e+01,2.926496696472167969e+01,2.785289573669433594e+01,2.598213005065917969e+01,2.371469879150390625e+01,2.112849044799804688e+01,1.831388282775878906e+01,1.536973476409912109e+01,1.239888763427734375e+01,9.503431320190429688e+00,6.779939651489257812e+00,4.314928531646728516e+00,2.180764675140380859e+00,4.322364032268524170e-01,-8.960341811180114746e-01,-1.791199922561645508e+00,-2.262726545333862305e+00,-2.341826677322387695e+00,-2.079812765121459961e+00,-1.545440912246704102e+00,-8.213838934898376465e-01,-2.057442181847748269e-15
0.000000000000000000e+00,1.185139179229736328e+00,2.347203731536865234e+00,3.463372230529785156e+00,4.511366844177246094e+00,5.469810485839843750e+00,6.318673133850097656e+00,7.039824962615966797e+00,7.617683887481689453e+00,8.039951324462890625e+00,8.298389434814453125e+00,8.389614105224609375e+00,8.315816879272460938e+00,8.085387229919433594e+00,7.713334083557128906e+00,7.221468925476074219e+00,6.638278007507324219e+00,5.998454093933105469e+00,5.342051982879638672e+00,4.713273048400878906e+00,4.158900260925292969e+00,3.726423740386962891e+00,3.461933612823486328e+00,3.407867670059204102e+00,3.600723743438720703e+00,4.068858623504638672e+00,4.830497741699218750e+00,5.892081737518310547e+00,7.247062683105468750e+00,8.875247001647949219e+00,1.074275970458984375e+01,1.280267333984375000e+01,1.499630832672119141e+01,1.725518417358398438e+01,1.950354576110839844e+01,2.166138458251953125e+01,2.364781379699707031e+01,2.538462638854980469e+01,2.679990959167480469e+01,2.783147621154785156e+01,2.842998313903808594e+01,2.856153869628906250e+01,2.820964813232421875e+01,2.737639999389648438e+01,2.608277893066406250e+01,2.436810302734375000e+01,2.228854179382324219e+01,1.991481781005859375e+01,1.732914161682128906e+01,1.462156009674072266e+01,1.188586044311523438e+01,9.215232849121093750e+00,6.697918891906738281e+00,4.413059711456298828e+00,2.426943063735961914e+00,7.898598909378051758e-01,-4.662714004516601562e-01,-1.329387068748474121e+00,-1.807780623435974121e+00,-1.929595828056335449e+00,-1.741328239440917969e+00,-1.305405378341674805e+00,-6.969665288925170898e-01,-1.748254721430076136e-15
0.000000000000000000e+00,1.061624050140380859e+00,2.103892803192138672e+00,3.107609748840332031e+00,4.053932189941406250e+00,4.924633502960205078e+00,5.702458381652832031e+00,6.371578693389892578e+00,6.918160438537597656e+00,7.331011295318603516e+00,7.602296829223632812e+00,7.728266239166259766e+00,7.709949970245361328e+00,7.553757667541503906e+00,7.271920204162597656e+00,6.882714748382568359e+00,6.410415172576904297e+00,5.884933471679687500e+00,5.341119289398193359e+00,4.817721366882324219e+00,4.356019020080566406e+00,3.998167276382446289e+00,3.785319089889526367e+00,3.755602359771728516e+00,3.942052841186523438e+00,4.370611190795898438e+00,5.058300495147705078e+00,6.011696338653564453e+00,7.225794315338134766e+00,8.683369636535644531e+00,1.035489082336425781e+01,1.219903564453125000e+01,1.416381645202636719e+01,1.618829345703125000e+01,1.820482444763183594e+01,2.014175605773925781e+01,2.192645072937011719e+01,2.348850059509277344e+01,2.476297187805175781e+01,2.569353103637695312e+01,2.623526382446289062e+01,2.635705566406250000e+01,2.604338836669921875e+01,2.529543113708496094e+01,2.413137054443359375e+01,2.258592224121093750e+01,2.070903968811035156e+01,1.856386756896972656e+01,1.622399330139160156e+01,1.377017688751220703e+01,1.128666305541992188e+01,8.857281684875488281e+00,6.561519622802734375e+00,4.470769405364990234e+00,2.644941091537475586e+00,1.129612088203430176e+00,-4.612604901194572449e-02,-8.710186481475830078e-01,-1.352114796638488770e+00,-1.514322161674499512e+00,-1.399066329002380371e+00,-1.062119007110595703e+00,-5.706998109817504883e-01,-1.434340711287606599e-15
0.000000000000000000e+00,9.302382469177246094e-01,1.844885468482971191e+00,2.728415012359619141e+00,3.565465211868286133e+00,4.341006278991699219e+00,5.040601253509521484e+00,5.650771617889404297e+00,6.159471988677978516e+00,6.556658744812011719e+00,6.834931850433349609e+00,6.990204334259033203e+00,7.022361755371093750e+00,6.935842514038085938e+00,6.740094184875488281e+00,6.449841022491455078e+00,6.085110664367675781e+00,5.670987129211425781e+00,5.237057209014892578e+00,4.816544532775878906e+00,4.445145606994628906e+00,4.159596443176269531e+00,3.996027469635009766e+00,3.988176584243774414e+00,4.165544509887695312e+00,4.551598072052001953e+00,5.162117481231689453e+00,6.003792762756347656e+00,7.073172092437744141e+00,8.356032371520996094e+00,9.827245712280273438e+00,1.145118427276611328e+01,1.318266391754150391e+01,1.496842193603515625e+01,1.674907684326171875e+01,1.846149063110351562e+01,2.004144668579101562e+01,2.142648506164550781e+01,2.255880928039550781e+01,2.338806152343750000e+01,2.387386322021484375e+01,2.398795318603515625e+01,2.371582031250000000e+01,2.305771446228027344e+01,2.202897834777832031e+01,2.065964698791503906e+01,1.899334526062011719e+01,1.708547973632812500e+01,1.500084590911865234e+01,1.281071949005126953e+01,1.058960437774658203e+01,8.411763191223144531e+00,6.347732067108154297e+00,4.460979938507080078e+00,2.804883956909179688e+00,1.420189619064331055e+00,3.330779075622558594e-01,-4.460480511188507080e-01,-9.229933023452758789e-01,-1.119388937950134277e+00,-1.071512579917907715e+00,-8.283680677413940430e-01,-4.491179585456848145e-01,-1.131863445878083033e-15
0.000000000000000000e+00,7.972084283828735352e-01,1.582406282424926758e+00,2.343562364578247070e+00,3.068638324737548828e+00,3.745671033859252930e+00,4.362942695617675781e+00,4.909262180328369141e+00,5.374351501464843750e+00,5.749334335327148438e+00,6.027304649353027344e+00,6.203938484191894531e+00,6.278104305267333984e+00,6.252427577972412109e+00,6.133748054504394531e+00,5.933423519134521484e+00,5.667425632476806641e+00,5.356194972991943359e+00,5.024223327636718750e+00,4.699358463287353516e+00,4.411834716796875000e+00,4.193059444427490234e+00,4.074196338653564453e+00,4.084612369537353516e+00,4.250258445739746094e+00,4.592080116271972656e+00,5.124537944793701172e+00,5.854340076446533203e+00,6.779467105865478516e+00,7.888570785522460938e+00,9.160798072814941406e+00,1.056608486175537109e+01,1.206593227386474609e+01,1.361464977264404297e+01,1.516103076934814453e+01,1.665039443969726562e+01,1.802689743041992188e+01,1.923602485656738281e+01,2.022712326049804688e+01,2.095585060119628906e+01,2.138641166687011719e+01,2.149347496032714844e+01,2.126362037658691406e+01,2.069626617431640625e+01,1.980400657653808594e+01,1.861228752136230469e+01,1.715848541259765625e+01,1.549035358428955078e+01,1.366395378112792969e+01,1.174113082885742188e+01,9.786679267883300781e+00,7.865315437316894531e+00,6.038627147674560547e+00,4.362146377563476562e+00,2.882693767547607422e+00,1.636143445968627930e+00,6.457191109657287598e-01,-7.908359169960021973e-02,-5.428877472877502441e-01,-7.641147971153259277e-01,-7.739647626876831055e-01,-6.147460341453552246e-01,-3.376380801200866699e-01,-8.542258981028246542e-16
0.000000000000000000e+00,6.675733327865600586e-01,1.326353788375854492e+00,1.967458367347717285e+00,2.581857681274414062e+00,3.160383701324462891e+00,3.693826675415039062e+00,4.173135280609130859e+00,4.589725971221923828e+00,4.935893058776855469e+00,5.205304145812988281e+00,5.393547058105468750e+00,5.498691558837890625e+00,5.521821498870849609e+00,5.467486858367919922e+00,5.344026088714599609e+00,5.163718700408935547e+00,4.942725181579589844e+00,4.700792312622070312e+00,4.460712909698486328e+00,4.247538566589355469e+00,4.087574481964111328e+00,4.007183551788330078e+00,4.031461238861083984e+00,4.182841300964355469e+00,4.479710102081298828e+00,4.935106277465820312e+00,5.555593490600585938e+00,6.340373516082763672e+00,7.280718803405761719e+00,8.359767913818359375e+00,9.552721977233886719e+00,1.082746601104736328e+01,1.214558696746826172e+01,1.346378326416015625e+01,1.473558616638183594e+01,1.591333484649658203e+01,1.695030403137207031e+01,1.780288505554199219e+01,1.843270683288574219e+01,1.880858039855957031e+01,1.890816497802734375e+01,1.871924972534179688e+01,1.824059104919433594e+01,1.748222732543945312e+01,1.646524810791015625e+01,1.522102737426757812e+01,1.378991985321044922e+01,1.221950817108154297e+01,1.056245136260986328e+01,8.874057769775390625e+00,7.209693908691406250e+00,5.622161388397216797e+00,4.159174919128417969e+00,2.861076116561889648e+00,1.758897423744201660e+00,8.728866577148437500e-01,2.115671783685684204e-01,-2.286123931407928467e-01,-4.630151689052581787e-01,-5.179511308670043945e-01,-4.292517900466918945e-01,-2.403552830219268799e-01,-6.115637700877948283e-16
0.000000000000000000e+00,5.450434088706970215e-01,1.084024667739868164e+00,1.610742926597595215e+00,2.118752241134643555e+00,2.601313591003417969e+00,3.051432609558105469e+00,3.461992502212524414e+00,3.825994729995727539e+00,4.136893749237060547e+00,4.389021873474121094e+00,4.578065395355224609e+00,4.701570034027099609e+00,4.759431362152099609e+00,4.754321575164794922e+00,4.692019462585449219e+00,4.581594944000244141e+00,4.435417175292968750e+00,4.268963336944580078e+00,4.100411415100097656e+00,3.950020551681518555e+00,3.839316844940185547e+00,3.790107250213623047e+00,3.823374509811401367e+00,3.958099126815795898e+00,4.210079669952392578e+00,4.590813636779785156e+00,5.106516361236572266e+00,5.757331848144531250e+00,6.536813735961914062e+00,7.431702613830566406e+00,8.422048568725585938e+00,9.481686592102050781e+00,1.057905673980712891e+01,1.167835712432861328e+01,1.274096393585205078e+01,1.372708225250244141e+01,1.459752750396728516e+01,1.531556034088134766e+01,1.584868335723876953e+01,1.617029190063476562e+01,1.626110076904296875e+01,1.611025619506835938e+01,1.571605777740478516e+01,1.508626747131347656e+01,1.423793983459472656e+01,1.319680881500244141e+01,1.199621391296386719e+01,1.067564964294433594e+01,9.278971672058105469e+00,7.852362155914306641e+00,6.442162990570068359e+00,5.092664718627929688e+00,3.843983888626098633e+00,2.730132579803466797e+00,1.777382612228393555e+00,1.003010511398315430e+00,4.144967794418334961e-01,9.219114668667316437e-03,-2.253376990556716919e-01,-3.108643889427185059e-01,-2.770368754863739014e-01,-1.599133163690567017e-01,-4.104260558833677883e-16
0.000000000000000000e+00,4.319386780261993408e-01,8.599922060966491699e-01,1.280111670494079590e+00,1.687949299812316895e+00,2.078776359558105469e+00,2.447477579116821289e+00,2.788633346557617188e+00,3.096697807312011719e+00,3.366269111633300781e+00,3.592436790466308594e+00,3.771191358566284180e+00,3.899859905242919922e+00,3.977540493011474609e+00,4.005493640899658203e+00,3.987453460693359375e+00,3.929828643798828125e+00,3.841754436492919922e+00,3.734979867935180664e+00,3.623574733734130859e+00,3.523458003997802734e+00,3.451753377914428711e+00,3.426002502441406250e+00,3.463266134262084961e+00,3.579157829284667969e+00,3.786867856979370117e+00,4.096226692199707031e+00,4.512874603271484375e+00,5.037586688995361328e+00,5.665808200836181641e+00,6.387436866760253906e+00,7.186886310577392578e+00,8.043437004089355469e+00,8.931881904602050781e+00,9.823432922363281250e+00,1.068687629699707031e+01,1.148989868164062500e+01,1.220054435729980469e+01,1.278871822357177734e+01,1.322766113281250000e+01,1.349531555175781250e+01,1.357551383972167969e+01,1.345890426635742188e+01,1.314357566833496094e+01,1.263532352447509766e+01,1.194754886627197266e+01,1.110076904296875000e+01,1.012176799774169922e+01,9.042421340942382812e+00,7.898242950439453125e+00,6.726735115051269531e+00,5.565612316131591797e+00,4.451000690460205078e+00,3.415694952011108398e+00,2.487576961517333984e+00,1.688267588615417480e+00,1.032093524932861328e+00,5.254213809967041016e-01,1.663980931043624878e-01,-5.488663911819458008e-02,-1.558218598365783691e-01,-1.603087484836578369e-01,-9.745538234710693359e-02,-2.536528040221279999e-16
0.000000000000000000e+00,3.292064368724822998e-01,6.561406254768371582e-01,9.783647656440734863e-01,1.293134331703186035e+00,1.597302794456481934e+00,1.887289881706237793e+00,2.159127473831176758e+00,2.408586263656616211e+00,2.631383180618286133e+00,2.823459863662719727e+00,2.981312513351440430e+00,3.102356195449829102e+00,3.185287714004516602e+00,3.230424165725708008e+00,3.239980459213256836e+00,3.218260288238525391e+00,3.171731472015380859e+00,3.108969449996948242e+00,3.040456771850585938e+00,2.978234529495239258e+00,2.935416221618652344e+00,2.925579547882080078e+00,2.962064981460571289e+00,3.057214498519897461e+00,3.221594333648681641e+00,3.463244676589965820e+00,3.787006616592407227e+00,4.193967342376708984e+00,4.681069374084472656e+00,5.240910530090332031e+00,5.861768722534179688e+00,6.527850151062011719e+00,7.219774246215820312e+00,7.915270805358886719e+00,8.590068817138671875e+00,9.218935012817382812e+00,9.776811599731445312e+00,1.024000263214111328e+01,1.058733844757080078e+01,1.080125999450683594e+01,1.086876678466796875e+01,1.078216171264648438e+01,1.053956031799316406e+01,1.014511966705322266e+01,9.608973503112792969e+00,8.946868896484375000e+00,8.179509162902832031e+00,7.331644535064697266e+00,6.430941104888916016e+00,5.506684303283691406e+00,4.588390827178955078e+00,3.704390525817871094e+00,2.880456209182739258e+00,2.138554573059082031e+00,1.495781540870666504e+00,9.635434150695800781e-01,5.470260977745056152e-01,2.449843436479568481e-01,4.986283928155899048e-02,-5.175492912530899048e-02,-7.839178293943405151e-02,-5.265495926141738892e-02,-1.404514960679108574e-16
0.000000000000000000e+00,2.365146130323410034e-01,4.718474447727203369e-01,7.046710848808288574e-01,9.333860278129577637e-01,1.156030178070068359e+00,1.370239019393920898e+00,1.573266506195068359e+00,1.762071251869201660e+00,1.933466196060180664e+00,2.084326505661010742e+00,2.211841344833374023e+00,2.313793182373046875e+00,2.388842105865478516e+00,2.436794996261596680e+00,2.458830595016479492e+00,2.457662343978881836e+00,2.437615871429443359e+00,2.404607534408569336e+00,2.366014957427978516e+00,2.330434799194335938e+00,2.307334184646606445e+00,2.306610822677612305e+00,2.338075637817382812e+00,2.410890340805053711e+00,2.532987117767333984e+00,2.710504531860351562e+00,2.947278499603271484e+00,3.244415760040283203e+00,3.599989175796508789e+00,4.008873462677001953e+00,4.462744712829589844e+00,4.950247287750244141e+00,5.457339763641357422e+00,5.967796325683593750e+00,6.463854789733886719e+00,6.926979541778564453e+00,7.338696956634521484e+00,7.681476116180419922e+00,7.939590454101562500e+00,8.099927902221679688e+00,8.152697563171386719e+00,8.091995239257812500e+00,7.916183471679687500e+00,7.628080368041992188e+00,7.234919548034667969e+00,6.748090267181396484e+00,6.182666778564453125e+00,5.556740283966064453e+00,4.890588283538818359e+00,4.205724716186523438e+00,3.523873329162597656e+00,2.865920543670654297e+00,2.250903129577636719e+00,1.695080637931823730e+00,1.211147069931030273e+00,8.076206445693969727e-01,4.884477555751800537e-01,2.528422772884368896e-01,9.537124633789062500e-02,6.282790098339319229e-03,-2.793945372104644775e-02,-2.382391691207885742e-02,-6.666406713497970171e-17
0.000000000000000000e+00,1.524147242307662964e-01,3.043031096458435059e-01,4.550310969352722168e-01,6.037620306015014648e-01,7.493872046470642090e-01,8.904909491539001465e-01,1.025358080863952637e+00,1.152026295661926270e+00,1.268384218215942383e+00,1.372308373451232910e+00,1.461833238601684570e+00,1.535341501235961914e+00,1.591758847236633301e+00,1.630740880966186523e+00,1.652832150459289551e+00,1.659584045410156250e+00,1.653617501258850098e+00,1.638618946075439453e+00,1.619263768196105957e+00,1.601065278053283691e+00,1.590150594711303711e+00,1.592974305152893066e+00,1.615979433059692383e+00,1.665225744247436523e+00,1.746004462242126465e+00,1.862462401390075684e+00,2.017258167266845703e+00,2.211276292800903320e+00,2.443414926528930664e+00,2.710470914840698242e+00,3.007128953933715820e+00,3.326065063476562500e+00,3.658166408538818359e+00,3.992855072021484375e+00,4.318511962890625000e+00,4.622974395751953125e+00,4.894090175628662109e+00,5.120292186737060547e+00,5.291172504425048828e+00,5.398019790649414062e+00,5.434288024902343750e+00,5.395972728729248047e+00,5.281873226165771484e+00,5.093717098236083984e+00,4.836141586303710938e+00,4.516530036926269531e+00,4.144702911376953125e+00,3.732483625411987305e+00,3.293153762817382812e+00,2.840828657150268555e+00,2.389782190322875977e+00,1.953756809234619141e+00,1.545295596122741699e+00,1.175129532814025879e+00,8.516561388969421387e-01,5.805354118347167969e-01,3.644261360168457031e-01,2.028782814741134644e-01,9.238696098327636719e-02,2.660676464438438416e-02,-3.284423146396875381e-03,-8.090944029390811920e-03,-2.520797844297379591e-17
0.000000000000000000e+00,7.456485927104949951e-02,1.489476263523101807e-01,2.229089885950088501e-01,2.961018681526184082e-01,3.680337071418762207e-01,4.380464553833007812e-01,5.053184032440185547e-01,5.688887834548950195e-01,6.277059316635131836e-01,6.806957125663757324e-01,7.268472313880920410e-01,7.653086185455322266e-01,7.954868078231811523e-01,8.171427249908447266e-01,8.304738998413085938e-01,8.361763358116149902e-01,8.354789018630981445e-01,8.301448225975036621e-01,8.224366307258605957e-01,8.150432109832763672e-01,8.109710216522216797e-01,8.134026527404785156e-01,8.255292177200317383e-01,8.503656387329101562e-01,8.905584812164306641e-01,9.481976628303527832e-01,1.024644255638122559e+00,1.120385527610778809e+00,1.234927654266357422e+00,1.366734981536865234e+00,1.513222575187683105e+00,1.670805215835571289e+00,1.835003018379211426e+00,2.000601768493652344e+00,2.161860704421997070e+00,2.312759876251220703e+00,2.447272777557373047e+00,2.559653759002685547e+00,2.644723653793334961e+00,2.698135137557983398e+00,2.716609239578247070e+00,2.698124170303344727e+00,2.642044544219970703e+00,2.549187421798706055e+00,2.421814680099487305e+00,2.263551950454711914e+00,2.079238891601562500e+00,1.874713420867919922e+00,1.656542420387268066e+00,1.431712985038757324e+00,1.207297086715698242e+00,9.901094436645507812e-01,7.863753437995910645e-01,6.014263033866882324e-01,4.394408166408538818e-01,3.032428324222564697e-01,1.941703855991363525e-01,1.120213419198989868e-01,5.507958307862281799e-02,2.022080868482589722e-02,3.092593280598521233e-03,-1.640549162402749062e-03,-6.666916091319180325e-18
0.000000000000000000e+00,1.817489050486494908e-16,3.631180746391330380e-16,5.435844526916313105e-16,7.223549384348284651e-16,8.982712407831338480e-16,1.069758778427160918e-15,1.234829512100144629e-15,1.391140760428216400e-15,1.536113202207868480e-15,1.667098800687747111e-15,1.781591291256045227e-15,1.877462927149260025e-15,1.953210542523370341e-15,2.008191662887883790e-15,2.042828957683480266e-15,2.058765459069596300e-15,2.058951382801518619e-15,2.047650480977488557e-15,2.030356185776923880e-15,2.013615850123863515e-15,2.004765626374476958e-15,2.011583606325163635e-15,2.041881763090213145e-15,2.103051941442076953e-15,2.201594060459747745e-15,2.342654480572505839e-15,2.529602487086292026e-15,2.763671783488782195e-15,3.043697064202791243e-15,3.365962183930477740e-15,3.724179405346136201e-15,4.109607771950575875e-15,4.511309335537665166e-15,4.916540485415963127e-15,5.311260803451782475e-15,5.680736151527634656e-15,6.010209098119981622e-15,6.285600685096036019e-15,6.494210500444666870e-15,6.625371434744627142e-15,6.671026087085160303e-15,6.626190515604622050e-15,6.489276957043384197e-15,6.262253492454392112e-15,5.950626259511272373e-15,5.563245905479885164e-15,5.111937857336847774e-15,4.610977161342236924e-15,4.076431185472519439e-15,3.525399619108628320e-15,2.975196027450678279e-15,2.442508865383710356e-15,1.942588114090090974e-15,1.488499150902099308e-15,1.090486415800302495e-15,7.554801206008984055e-16,4.867734235236933528e-16,2.838889685633503353e-16,1.426424791348821137e-16,5.540138105524959004e-17,1.152564431491888151e-17,-2.032333961386648369e-18,-1.144379456166403116e-32
